9 0.5 0.5 1 1
11 0.282424 0.12953153125 0.218676 0.1380120125 0.41798799999999997 0.8790150156250001 0.468016 0.8705345343750001 0.282424 0.12953153125
2 0.4109375 0.73984375 0.04296875 0.03515625
8 0.39609375 0.68359375 0.04140625 0.03515625
3 0.37890625 0.62578125 0.04375 0.040625
7 0.36484375 0.56640625 0.04375 0.04296875
1 0.34921875 0.50390625 0.04453125 0.040625
10 0.3328125 0.440625 0.04296875 0.040625
6 0.315625 0.375 0.04375 0.0421875
8 0.29609375 0.30546875 0.0484375 0.0453125
5 0.27890625 0.23671875 0.04453125 0.04140625
4 0.26171875 0.16015625 0.04921875 0.04375