9 0.5 0.5 1 1
11 0.465756 0.7829789796875 0.5284679999999999 0.888234234375 0.572064 0.874453453125 0.36404000000000003 0.49075075 0.18431599999999998 0.1749609609375 0.126956 0.1950570578125 0.314328 0.5137177171875 0.465756 0.7829789796875
2 0.4796875 0.75390625 0.0390625 0.028125
0 0.45078125 0.7 0.03515625 0.034375
3 0.4171875 0.64453125 0.03828125 0.03671875
7 0.38671875 0.5890625 0.03671875 0.040625
1 0.35546875 0.53203125 0.0359375 0.0390625
10 0.321875 0.47265625 0.034375 0.03828125
6 0.2859375 0.41171875 0.0375 0.03984375
8 0.24921875 0.34453125 0.0359375 0.03828125
5 0.2109375 0.28203125 0.03828125 0.03984375
4 0.17578125 0.21015625 0.040625 0.03828125