9 0.5 0.50078125 1 0.9984375
11 0 0.6443453453125 0.9775560000000001 0.6336426421875 0.987308 0.5936546546875 0 0.6004114109375001 0 0.6443453453125
2 0.803125 0.6140625 0.05078125 0.0375
0 0.728125 0.61484375 0.05546875 0.0359375
3 0.64609375 0.615625 0.0609375 0.03828125
7 0.56796875 0.61640625 0.06328125 0.0390625
1 0.48359375 0.61796875 0.059375 0.03984375
10 0.396875 0.61796875 0.05546875 0.040625
6 0.30859375 0.61953125 0.06484375 0.04140625
8 0.215625 0.6203125 0.0671875 0.04140625
5 0.1203125 0.621875 0.0640625 0.04296875
4 0.0265625 0.62265625 0.04921875 0.0453125