9 0.5 0.5 1 1
11 0.280524 0.1321261265625 0.223888 0.141609609375 0.419388 0.881597596875 0.469716 0.8732012015624999 0.280524 0.1321261265625
2 0.40859375 0.7390625 0.04296875 0.03125
0 0.396875 0.68359375 0.0421875 0.03515625
3 0.3796875 0.6265625 0.04375 0.03828125
7 0.3625 0.56796875 0.04453125 0.0390625
1 0.34921875 0.50625 0.04296875 0.0421875
10 0.3328125 0.4390625 0.04140625 0.03984375
6 0.31640625 0.3734375 0.04453125 0.0453125
8 0.2984375 0.30546875 0.0421875 0.04765625
5 0.27890625 0.23515625 0.04296875 0.04609375
4 0.259375 0.1609375 0.046875 0.0484375