9 0.5 0.5 1 1
11 0.53036 0.0512672671875 0.460128 0.074927928125 0.5745 0.996996996875 0.64832 0.996996996875 0.53036 0.0512672671875
2 0.59296875 0.890625 0.06640625 0.0625
0 0.58125 0.78984375 0.06875 0.0625
3 0.56875 0.69296875 0.06953125 0.06484375
7 0.55078125 0.59765625 0.06328125 0.05546875
1 0.54140625 0.503125 0.06875 0.05390625
10 0.5359375 0.41640625 0.06796875 0.04453125
6 0.52265625 0.32890625 0.06875 0.04765625
8 0.515625 0.24609375 0.06328125 0.0359375
5 0.50625 0.1671875 0.06015625 0.0375
4 0.49765625 0.08984375 0.06484375 0.034375