9 0.5 0.5 1 1
11 0.531472 0.050522521875000004 0.459712 0.07409309375 0.578564 0.996996996875 0.648084 0.996996996875 0.531472 0.050522521875000004
2 0.59453125 0.890625 0.07109375 0.06171875
0 0.58125 0.78984375 0.06796875 0.06484375
3 0.56796875 0.6921875 0.06875 0.0640625
7 0.55 0.596875 0.06953125 0.0578125
1 0.54140625 0.5046875 0.06875 0.053125
10 0.53515625 0.415625 0.065625 0.0421875
6 0.52421875 0.33046875 0.0703125 0.04375
8 0.5140625 0.2453125 0.065625 0.03828125
5 0.5078125 0.165625 0.0640625 0.034375
4 0.49765625 0.08828125 0.06640625 0.03046875