9 0.5 0.5 1 1
11 0.5021880000000001 0.5530330328125 0.7425360000000001 0.5618828828125 0.9960000000000001 0.5746636640625 0.9960000000000001 0.52993093125 0.754936 0.525015015625 0.4223 0.5127237234375001 0.003236 0.5028918921875001 0.00258 0.5486096093749999 0.5021880000000001 0.5530330328125
2 0.78828125 0.5453125 0.05703125 0.0390625
0 0.70859375 0.5421875 0.05703125 0.0390625
3 0.6234375 0.5390625 0.05625 0.0421875
7 0.5421875 0.5359375 0.05546875 0.0421875
1 0.46015625 0.534375 0.05546875 0.04296875
10 0.38046875 0.53359375 0.05546875 0.04453125
6 0.2921875 0.53125 0.05703125 0.04453125
8 0.20625 0.53046875 0.0609375 0.04140625
5 0.1171875 0.52734375 0.06171875 0.04296875
4 0.0328125 0.52578125 0.05703125 0.04453125