9 0.5 0.5 1 1
11 0.6493 0.29184384375 0.728564 0.03299399375 0.672908 0.0234234234375 0.595332 0.27352252187500004 0.557384 0.39001801875000003 0.4056 0.8837867875000001 0.461256 0.893915915625 0.6493 0.29184384375
2 0.61328125 0.30390625 0.04375 0.0328125
0 0.59296875 0.36640625 0.04375 0.0328125
3 0.5765625 0.4265625 0.04921875 0.0328125
7 0.55546875 0.4859375 0.0453125 0.0328125
1 0.5359375 0.54609375 0.04609375 0.02890625
10 0.5203125 0.6046875 0.05078125 0.03203125
6 0.5015625 0.66796875 0.046875 0.03359375
8 0.48359375 0.73203125 0.04609375 0.034375
5 0.46171875 0.79765625 0.04453125 0.0359375
4 0.44296875 0.86015625 0.05 0.03671875