9 0.5 0.5 1 1
11 0.58716 0.00131831875 0.5257240000000001 0.0019759765625 0.522796 0.2616546546875 0.522424 0.8843063062500001 0.577496 0.8846696703125 0.57926 0.2635645640625 0.58716 0.00131831875
2 0.54921875 0.2875 0.05 0.0421875
0 0.54921875 0.3484375 0.05078125 0.04140625
3 0.54765625 0.41171875 0.05234375 0.03984375
7 0.546875 0.47265625 0.05390625 0.04140625
1 0.546875 0.53359375 0.05625 0.040625
10 0.5484375 0.59453125 0.05546875 0.0421875
6 0.5484375 0.6609375 0.0546875 0.0453125
8 0.54921875 0.72421875 0.05546875 0.0453125
5 0.55078125 0.78984375 0.05703125 0.04609375
4 0.55234375 0.85625 0.0578125 0.04453125