9 0.5 0.5 1 1
11 0.585912 0.0004984984375 0.52546 0 0.5204920000000001 0.8846726734375 0.578684 0.8846726734375 0.578024 0.2605825828125 0.585912 0.0004984984375
2 0.55 0.2859375 0.05 0.0421875
0 0.5484375 0.3484375 0.053125 0.04140625
3 0.54921875 0.4109375 0.05625 0.04140625
7 0.54765625 0.47265625 0.0546875 0.0421875
1 0.54765625 0.53359375 0.05625 0.04140625
10 0.5484375 0.59453125 0.0546875 0.04296875
6 0.5484375 0.659375 0.05390625 0.04375
8 0.54921875 0.72421875 0.0578125 0.04609375
5 0.55078125 0.78984375 0.05703125 0.0453125
4 0.54921875 0.85703125 0.05625 0.04609375