9 0.5 0.5 1 1
11 0.332468 0.9925617984375 0.401168 0.9925617984375 0.406076 0.28533707812500003 0.332468 0.28602696562499996 0.332468 0.9925617984375
2 0.3703125 0.81875 0.06171875 0.03203125
0 0.36796875 0.76796875 0.06015625 0.034375
3 0.36796875 0.71328125 0.06015625 0.034375
7 0.36953125 0.6578125 0.0609375 0.03671875
1 0.36953125 0.60234375 0.06328125 0.03671875
10 0.37109375 0.54765625 0.06484375 0.03515625
6 0.3703125 0.4921875 0.06640625 0.03515625
8 0.36953125 0.43671875 0.0671875 0.03671875
5 0.36875 0.378125 0.06875 0.0375
4 0.36796875 0.31796875 0.06875 0.03828125