9 0.5 0.5 1 1
11 0.44593999999999995 0.9977528093749999 0.428632 0.7963910109375 0.382708 0.291552809375 0.312824 0.2926764046875 0.383372 0.9977528093749999 0.44593999999999995 0.9977528093749999
4 0.35078125 0.3234375 0.071875 0.03984375
5 0.35625 0.38359375 0.06640625 0.0390625
8 0.36328125 0.44296875 0.0640625 0.03671875
6 0.36796875 0.49921875 0.0640625 0.0359375
10 0.3734375 0.55390625 0.0625 0.03671875
1 0.37890625 0.6078125 0.06171875 0.0375
7 0.3828125 0.6640625 0.05859375 0.03671875
3 0.3875 0.71796875 0.0609375 0.03671875
0 0.3921875 0.77421875 0.059375 0.034375
2 0.3984375 0.8265625 0.06328125 0.0359375