9 0.5 0.5 1 1
11 0.40249199999999996 0.28599775312500003 0.330288 0.28599775312500003 0.337972 0.9929415734375 0.400956 0.9938044937500001 0.40249199999999996 0.28599775312500003
2 0.36953125 0.81875 0.05859375 0.03515625
0 0.36953125 0.7671875 0.06015625 0.03671875
3 0.36875 0.71171875 0.0609375 0.03671875
7 0.36953125 0.65703125 0.0640625 0.03828125
1 0.36953125 0.60234375 0.0640625 0.03828125
10 0.36953125 0.546875 0.06328125 0.03828125
6 0.3703125 0.49140625 0.0671875 0.0375
8 0.36953125 0.4359375 0.06640625 0.03828125
5 0.3671875 0.378125 0.06796875 0.03671875
4 0.36640625 0.31875 0.06484375 0.0359375