9 0.5 0.5 1 1
11 0.543528 0.0858354890625 0.476044 0.085988909375 0.44287599999999994 0.8065859515625 0.519844 0.8071330874999999 0.543528 0.0858354890625
2 0.4890625 0.525 0.06640625 0.03515625
0 0.48984375 0.4734375 0.0671875 0.03359375
3 0.49375 0.421875 0.06796875 0.03359375
7 0.49453125 0.371875 0.0671875 0.03359375
1 0.49765625 0.32265625 0.06875 0.03203125
10 0.49921875 0.27421875 0.06640625 0.0296875
6 0.50234375 0.22734375 0.0671875 0.0296875
8 0.50390625 0.1828125 0.06640625 0.02890625
5 0.50546875 0.14140625 0.06328125 0.028125
4 0.509375 0.10078125 0.06328125 0.028125