9 0.5 0.5 1 1
11 0.5570363031250001 0.0162679609375 0.47682508281249997 0.017578640625 0.513471946875 0.9980582531250001 0.5995742578125001 0.9980582531250001 0.5570363031250001 0.0162679609375
2 0.5421875 0.6640625 0.08125 0.0515625
0 0.53828125 0.59296875 0.08046875 0.046875
3 0.53671875 0.51953125 0.08046875 0.0484375
7 0.53203125 0.45 0.07890625 0.05
1 0.53125 0.3796875 0.084375 0.046875
10 0.528125 0.31171875 0.084375 0.04609375
6 0.52578125 0.24296875 0.078125 0.046875
8 0.5234375 0.175 0.078125 0.04453125
5 0.5203125 0.10859375 0.078125 0.04453125
4 0.51875 0.04140625 0.07734375 0.040625