9 0.5 0.5 1 1
11 0.4472764546875 0.23275694374999997 0.3934047625 0.23169444375 0.3763928578125 0.9383234125 0.42317592656249997 0.938855159375 0.4472764546875 0.23275694374999997
2 0.40234375 0.8 0.04609375 0.03671875
0 0.40390625 0.7453125 0.04609375 0.0375
3 0.40546875 0.68984375 0.0453125 0.03828125
7 0.40625 0.634375 0.0453125 0.03671875
1 0.40859375 0.57890625 0.04921875 0.0375
10 0.409375 0.5203125 0.04921875 0.03984375
6 0.41171875 0.459375 0.04765625 0.04296875
8 0.41328125 0.40078125 0.04921875 0.040625
5 0.41640625 0.3390625 0.04921875 0.04140625
4 0.41796875 0.27734375 0.05234375 0.0421875