9 0.5 0.5 1 1
11 0.883447115625 0.5922139421875 0.8927980765625 0.5099278843749999 0.034908653125 0.3715360578125 0.0236875 0.454447115625 0.883447115625 0.5922139421875
2 0.09453125 0.42734375 0.046875 0.084375
0 0.1796875 0.44140625 0.0484375 0.090625
3 0.26484375 0.45546875 0.05 0.08671875
7 0.35078125 0.46875 0.046875 0.08828125
1 0.43671875 0.48125 0.04375 0.0828125
10 0.51875 0.49296875 0.04609375 0.0875
6 0.60390625 0.5078125 0.0484375 0.0890625
8 0.6875 0.521875 0.0484375 0.08984375
5 0.77734375 0.53671875 0.04921875 0.090625
4 0.86171875 0.5515625 0.046875 0.08984375