9 0.5 0.5 1 1
11 0.4651201921875 0.894146634375 0.55070673125 0.8928677890625 0.567564903125 0.01935576875 0.48264903906249995 0.01935576875 0.4651201921875 0.894146634375
2 0.52109375 0.08671875 0.0921875 0.05390625
0 0.5171875 0.171875 0.09921875 0.05859375
3 0.515625 0.26015625 0.096875 0.05546875
7 0.515625 0.346875 0.09921875 0.05703125
1 0.515625 0.43359375 0.09296875 0.05390625
10 0.51328125 0.51796875 0.090625 0.053125
6 0.51328125 0.60390625 0.0921875 0.05546875
8 0.51015625 0.68828125 0.09296875 0.05859375
5 0.50703125 0.778125 0.09921875 0.05625
4 0.5046875 0.86171875 0.096875 0.05625