9 0.5 0.5 1 1
11 0.1211177890625 0.39148798125 0.10925480781250001 0.47390625000000003 0.9621754812500001 0.6618461531250001 0.978408653125 0.5744326921875 0.1211177890625 0.39148798125
2 0.90859375 0.5984375 0.04140625 0.0890625
0 0.82265625 0.5796875 0.04609375 0.08359375
3 0.73671875 0.5640625 0.0421875 0.0859375
7 0.6515625 0.54765625 0.0421875 0.08984375
1 0.56640625 0.53203125 0.0421875 0.08203125
10 0.484375 0.51171875 0.04296875 0.08125
6 0.40078125 0.49140625 0.046875 0.090625
8 0.3171875 0.475 0.0453125 0.0859375
5 0.23125 0.4546875 0.0421875 0.0859375
4 0.14375 0.43671875 0.04453125 0.08046875