9 0.5 0.5 1 1
11 0.46314903906250005 0.8910384609375 0.5526394234375 0.8926081734375 0.5675552890625 0.019625 0.483709134375 0.020271634375 0.46314903906250005 0.8910384609375
4 0.50546875 0.8625 0.09921875 0.059375
5 0.50703125 0.77734375 0.1 0.0578125
8 0.509375 0.68671875 0.096875 0.05625
6 0.5109375 0.603125 0.09453125 0.05703125
10 0.5140625 0.51640625 0.090625 0.05625
1 0.51484375 0.43359375 0.090625 0.05390625
7 0.51640625 0.34609375 0.09609375 0.05625
3 0.5171875 0.259375 0.0953125 0.05703125
0 0.51796875 0.1734375 0.09375 0.05625
2 0.521875 0.08671875 0.09296875 0.05546875