9 0.5 0.5 1 1
11 0.10623798124999999 0.44064423125 0.099846153125 0.5034014421874999 0.9857355765625 0.5948485578125 0.989322115625 0.5302980765624999 0.10623798124999999 0.44064423125
2 0.9078125 0.55390625 0.0515625 0.0640625
0 0.82265625 0.54140625 0.05078125 0.06796875
3 0.7328125 0.53515625 0.04765625 0.0671875
7 0.64921875 0.5265625 0.053125 0.06484375
1 0.56328125 0.51796875 0.05234375 0.065625
10 0.47734375 0.509375 0.04765625 0.06640625
6 0.39453125 0.5 0.0515625 0.06796875
8 0.30703125 0.49296875 0.04921875 0.0640625
5 0.21953125 0.48203125 0.0546875 0.06796875
4 0.1328125 0.47265625 0.05234375 0.065625