9 0.5 0.5 1 1
11 0.10154567343750001 0.47673317343750005 0.100439903125 0.540814903125 0.99103125 0.55186298125 0.990478365625 0.48778125 0.10154567343750001 0.47673317343750005
2 0.909375 0.51640625 0.05390625 0.06953125
0 0.825 0.5125 0.05703125 0.0734375
3 0.7359375 0.51328125 0.05625 0.0703125
7 0.64921875 0.5125 0.05625 0.07109375
1 0.5640625 0.5109375 0.05546875 0.07265625
10 0.478125 0.5109375 0.05546875 0.071875
6 0.39375 0.509375 0.05625 0.075
8 0.30625 0.5078125 0.0578125 0.07421875
5 0.2171875 0.50625 0.0609375 0.07578125
4 0.13203125 0.50546875 0.06015625 0.0734375