9 0.5 0.5 1 1
11 0.10012740312499999 0.47747115312500005 0.098346153125 0.541165865625 0.9901298078125 0.55230048125 0.989685096875 0.48905288437500005 0.10012740312499999 0.47747115312500005
2 0.909375 0.5171875 0.05625 0.06953125
0 0.82421875 0.5125 0.0578125 0.07578125
3 0.7359375 0.5125 0.05859375 0.07109375
7 0.65 0.5140625 0.0578125 0.071875
1 0.5640625 0.51171875 0.05546875 0.07265625
10 0.478125 0.51015625 0.05625 0.071875
6 0.39296875 0.50859375 0.05625 0.075
8 0.30546875 0.50703125 0.05703125 0.07265625
5 0.2171875 0.50625 0.0609375 0.07421875
4 0.13046875 0.5046875 0.05859375 0.07265625