9 0.5 0.5 1 1
11 0.11513221093749999 0.3874831734375 0.10083653906250001 0.44842788437500003 0.9660745187499999 0.6606009609375 0.982627403125 0.59890625 0.11513221093749999 0.3874831734375
2 0.8953125 0.6078125 0.04375 0.05625
0 0.81328125 0.5859375 0.046875 0.059375
3 0.72734375 0.5671875 0.05 0.059375
7 0.64375 0.546875 0.0484375 0.05703125
1 0.559375 0.528125 0.04609375 0.05703125
10 0.47578125 0.5078125 0.046875 0.05625
6 0.39375 0.4859375 0.04765625 0.0578125
8 0.30859375 0.46796875 0.04609375 0.05546875
5 0.22421875 0.4453125 0.05234375 0.059375
4 0.140625 0.42421875 0.05078125 0.0578125