9 0.5 0.5 1 1
11 0.47175480781249995 0.930372596875 0.543009615625 0.930372596875 0.55365625 0.04176923125 0.49059134687499995 0.04176923125 0.47175480781249995 0.930372596875
4 0.5046875 0.90078125 0.07421875 0.05859375
5 0.50703125 0.8140625 0.071875 0.0609375
8 0.51015625 0.725 0.06953125 0.05546875
6 0.51015625 0.6375 0.06796875 0.0578125
10 0.5125 0.55234375 0.0671875 0.0546875
1 0.5140625 0.46875 0.0671875 0.0546875
7 0.515625 0.38125 0.06953125 0.05703125
3 0.515625 0.29453125 0.06953125 0.05625
0 0.515625 0.20625 0.071875 0.05703125
2 0.5203125 0.121875 0.0703125 0.05703125