9 0.5 0.5 1 1
11 0.9284567312500001 0.5595745187500001 0.9307548078125001 0.49120673125 0.043189903125 0.41817548125000004 0.040216346874999996 0.479716346875 0.9284567312500001 0.5595745187500001
2 0.1234375 0.45625 0.0515625 0.0671875
0 0.209375 0.4671875 0.05 0.06875
3 0.296875 0.47421875 0.05 0.06640625
7 0.38359375 0.478125 0.05234375 0.0640625
1 0.4703125 0.4859375 0.05390625 0.06484375
10 0.55390625 0.4921875 0.0515625 0.065625
6 0.63828125 0.5015625 0.05 0.06875
11 0.7234375 0.50859375 0.05390625 0.06875
5 0.8125 0.51640625 0.0515625 0.06953125
4 0.89765625 0.5265625 0.05546875 0.07109375