9 0.5 0.5 1 1
11 0.472591346875 0.9287043265625 0.5417331734374999 0.9286322109375 0.553935096875 0.0384326921875 0.4892668265625 0.03782451875 0.472591346875 0.9287043265625
2 0.51953125 0.121875 0.06796875 0.05703125
0 0.51640625 0.2078125 0.0703125 0.05703125
3 0.51484375 0.29453125 0.06953125 0.05390625
7 0.51484375 0.38203125 0.06875 0.05546875
1 0.5140625 0.46875 0.0671875 0.05625
10 0.51328125 0.5515625 0.06796875 0.053125
6 0.51015625 0.6375 0.06875 0.05703125
8 0.50859375 0.7265625 0.06953125 0.05625
5 0.50625 0.8125 0.071875 0.05625
4 0.5046875 0.9 0.0734375 0.06015625