9 0.5 0.5 1 1
11 0.07651923125 0.5503629812499999 0.08713701874999999 0.617021634375 0.96682451875 0.47308894218750003 0.958564903125 0.410560096875 0.07651923125 0.5503629812499999
2 0.88125 0.45390625 0.04609375 0.0609375
0 0.7953125 0.46484375 0.04453125 0.0640625
3 0.7078125 0.48203125 0.0484375 0.0625
7 0.62421875 0.4953125 0.04609375 0.0625
1 0.53984375 0.51015625 0.0453125 0.0625
10 0.45546875 0.5234375 0.0453125 0.0625
6 0.371875 0.53515625 0.04765625 0.0625
8 0.28515625 0.55 0.04453125 0.06328125
5 0.19609375 0.56171875 0.0484375 0.0671875
4 0.1109375 0.575 0.0453125 0.06796875