9 0.5 0.5 1 1
11 0.47791826875 0.8975817312500001 0.5414375 0.897153846875 0.553790865625 0.011665865625 0.49340144218750004 0.01098076875 0.47791826875 0.8975817312500001
4 0.50703125 0.8640625 0.071875 0.059375
5 0.5078125 0.7765625 0.071875 0.059375
8 0.5109375 0.6890625 0.06796875 0.05625
6 0.51328125 0.60234375 0.0703125 0.05546875
10 0.51484375 0.51875 0.0671875 0.05546875
1 0.515625 0.43203125 0.06640625 0.05546875
7 0.5171875 0.34609375 0.06796875 0.0578125
3 0.51796875 0.25859375 0.06875 0.0578125
0 0.51875 0.16953125 0.071875 0.0546875
2 0.52109375 0.0859375 0.06640625 0.0546875