9 0.5 0.5 1 1
11 0.47100240312499997 0.897 0.53596875 0.898802884375 0.563939903125 0.0144375 0.5007788468750001 0.013533653125 0.47100240312499997 0.897
2 0.53125 0.08671875 0.065625 0.05234375
0 0.52578125 0.1734375 0.0734375 0.0546875
3 0.525 0.2609375 0.06796875 0.05859375
7 0.52109375 0.34765625 0.06796875 0.05390625
1 0.51953125 0.43515625 0.065625 0.05390625
10 0.51875 0.521875 0.06953125 0.05234375
6 0.51328125 0.60390625 0.0703125 0.05078125
5 0.50625 0.778125 0.071875 0.0546875
4 0.50390625 0.865625 0.0734375 0.0578125
8 0.509375 0.69296875 0.06953125 0.059375