9 0.5 0.5 1 1
11 0.1140360578125 0.5662259609375 0.128427884375 0.6306081734375 0.993021634375 0.44128125 0.979497596875 0.381540865625 0.1140360578125 0.5662259609375
2 0.91171875 0.42734375 0.04296875 0.0578125
0 0.82734375 0.44296875 0.0453125 0.065625
3 0.74140625 0.46484375 0.04765625 0.06015625
7 0.65703125 0.4828125 0.04453125 0.059375
1 0.57421875 0.5015625 0.04296875 0.059375
10 0.48828125 0.51953125 0.0453125 0.0609375
6 0.40703125 0.53515625 0.03984375 0.06328125
8 0.321875 0.553125 0.04375 0.06015625
5 0.234375 0.5703125 0.04453125 0.065625
4 0.1515625 0.58984375 0.04453125 0.06796875