9 0.5 0.5 1 1
11 0.4911009609375 0.011002403125 0.4911009609375 0.1239326921875 0.4745793265625 0.8945384609374999 0.5429447109375001 0.8949014421875001 0.5530673078125 0.009846153125 0.4911009609375 0.011002403125
2 0.52109375 0.08515625 0.06484375 0.05390625
0 0.51875 0.17109375 0.07109375 0.05703125
3 0.51875 0.259375 0.06796875 0.05625
7 0.51640625 0.34609375 0.0671875 0.05546875
1 0.515625 0.4328125 0.0640625 0.05234375
10 0.51484375 0.51796875 0.0671875 0.05546875
6 0.51328125 0.60234375 0.0703125 0.053125
8 0.51171875 0.68984375 0.0671875 0.05390625
5 0.509375 0.77734375 0.07109375 0.05546875
4 0.5078125 0.865625 0.071875 0.0578125