9 0.5 0.5 1 1
11 0.10405048125000001 0.4777259609375 0.1018052890625 0.542872596875 0.9884014421874999 0.5578485578125 0.9891490390625 0.49270192343749997 0.10405048125000001 0.4777259609375
2 0.9078125 0.52265625 0.05546875 0.06328125
0 0.82265625 0.51640625 0.05546875 0.071875
3 0.73359375 0.51796875 0.06015625 0.0703125
7 0.6484375 0.515625 0.05546875 0.0703125
1 0.5625 0.515625 0.05546875 0.0671875
10 0.4765625 0.51328125 0.0546875 0.06640625
6 0.3921875 0.51015625 0.05703125 0.06953125
8 0.30703125 0.51015625 0.05546875 0.06875
5 0.21875 0.5078125 0.05859375 0.071875
4 0.13203125 0.50625 0.05546875 0.06875