9 0.5 0.5 1 1
11 0.5670072109375 0.8983317312500001 0.630622596875 0.8821490390625 0.44518509687499996 0.014584134374999998 0.3840673078125 0.0291706734375 0.5670072109375 0.8983317312500001
2 0.43125 0.103125 0.05703125 0.04375
0 0.44765625 0.18671875 0.0609375 0.0515625
3 0.46640625 0.271875 0.0625 0.046875
7 0.48359375 0.35625 0.06171875 0.04453125
1 0.50390625 0.4390625 0.05625 0.0421875
10 0.51953125 0.52265625 0.0578125 0.04765625
6 0.53671875 0.60703125 0.059375 0.04765625
8 0.55546875 0.69140625 0.0609375 0.0484375
5 0.5734375 0.77734375 0.06328125 0.04453125
4 0.590625 0.85859375 0.05859375 0.05