9 0.5 0.5 1 1
11 0.492158653125 0.8958581734375001 0.5556802890625 0.8940769234375001 0.53639423125 0.0168365390625 0.47626201874999996 0.018040865625 0.492158653125 0.8958581734375001
4 0.51796875 0.86953125 0.07109375 0.0578125
5 0.51875 0.78359375 0.071875 0.0546875
8 0.5171875 0.696875 0.06875 0.0546875
6 0.51484375 0.609375 0.0703125 0.05546875
10 0.5140625 0.5265625 0.0671875 0.05390625
1 0.51328125 0.4390625 0.0671875 0.05390625
7 0.5109375 0.3546875 0.07109375 0.05390625
3 0.509375 0.26875 0.06796875 0.0578125
0 0.5078125 0.1796875 0.07109375 0.05390625
2 0.5078125 0.096875 0.0640625 0.0546875