9 0.5 0.5 1 1
11 0.1032860578125 0.47778124999999994 0.1018605765625 0.541959134375 0.9869375 0.556935096875 0.9876490390624999 0.49132932656249995 0.1032860578125 0.47778124999999994
2 0.90625 0.521875 0.0546875 0.06953125
0 0.82265625 0.51796875 0.0546875 0.071875
3 0.734375 0.5171875 0.05703125 0.06953125
7 0.64765625 0.51796875 0.0546875 0.06953125
1 0.56171875 0.515625 0.05390625 0.06953125
10 0.47734375 0.51328125 0.05546875 0.0671875
6 0.3921875 0.5109375 0.0578125 0.071875
8 0.30625 0.5109375 0.0578125 0.0703125
5 0.21796875 0.5078125 0.0578125 0.07109375
4 0.134375 0.50546875 0.06015625 0.06953125