9 0.5 0.5 1 1
11 0.3703197109375 0.2564230765625 0.31119230781249996 0.2564230765625 0.313060096875 0.997596153125 0.369697115625 0.997064903125 0.3703197109375 0.2564230765625
2 0.3390625 0.8703125 0.05625 0.0390625
0 0.33828125 0.80703125 0.0546875 0.03984375
3 0.33984375 0.7375 0.05625 0.04375
7 0.340625 0.67578125 0.05625 0.03984375
1 0.33984375 0.61015625 0.05703125 0.0421875
10 0.340625 0.5421875 0.05703125 0.03984375
6 0.340625 0.47890625 0.05625 0.040625
8 0.340625 0.41171875 0.05703125 0.04453125
5 0.33984375 0.346875 0.05390625 0.03984375
4 0.340625 0.28125 0.05625 0.04296875