9 0.5 0.5 1 1
11 0.312509615625 0.520021634375 0.30393990312499997 0.784415865625 0.30393990312499997 0.997596153125 0.35998076874999996 0.997528846875 0.3652548078125 0.77270673125 0.36921153906250004 0.5069134609375 0.373165865625 0.2543197109375 0.3131706734375 0.2543197109375 0.312509615625 0.520021634375
2 0.33125 0.86640625 0.0578125 0.0390625
0 0.3328125 0.80234375 0.05703125 0.04140625
3 0.334375 0.73671875 0.05703125 0.04296875
7 0.3359375 0.67109375 0.05546875 0.03984375
1 0.3375 0.6046875 0.05703125 0.04296875
10 0.3390625 0.53828125 0.05703125 0.03984375
6 0.33984375 0.47421875 0.05703125 0.04296875
8 0.34140625 0.409375 0.05703125 0.0453125
5 0.3421875 0.34296875 0.05703125 0.040625
4 0.34375 0.2765625 0.05703125 0.04375