9 0.5 0.5 1 1
11 0.372814903125 0.253247596875 0.313091346875 0.253247596875 0.30283653906249997 0.997596153125 0.358939903125 0.997596153125 0.372814903125 0.253247596875
2 0.33203125 0.86640625 0.05703125 0.040625
0 0.3328125 0.7984375 0.05546875 0.04609375
3 0.334375 0.73671875 0.05625 0.0421875
7 0.33671875 0.67109375 0.05546875 0.04140625
1 0.3375 0.6046875 0.05625 0.04140625
10 0.33984375 0.53828125 0.0546875 0.0421875
6 0.340625 0.475 0.05546875 0.04296875
8 0.34140625 0.4078125 0.05390625 0.04296875
5 0.3421875 0.34375 0.05625 0.04453125
4 0.34375 0.27578125 0.05703125 0.04609375