9 0.5 0.5 1 1
11 0.04746875 0.2501081734375 0.771209134375 0.434040865625 0.7852764421875 0.3777668265625 0.0635697109375 0.19695913437499998 0.04746875 0.2501081734375
2 0.184375 0.25546875 0.03359375 0.046875
0 0.24921875 0.271875 0.0328125 0.04453125
3 0.31015625 0.28671875 0.03671875 0.04296875
7 0.37421875 0.3046875 0.0359375 0.04453125
1 0.43828125 0.31953125 0.03359375 0.04765625
10 0.50390625 0.33671875 0.0359375 0.0453125
6 0.56484375 0.35234375 0.03515625 0.04765625
8 0.628125 0.365625 0.03515625 0.04609375
5 0.6921875 0.38515625 0.03359375 0.04296875
4 0.75546875 0.39921875 0.03515625 0.04765625