9 0.5 0.5 1 1
11 0.341052884375 0.997596153125 0.21791826875 0.3047139421875 0.12844951875 0.3215456734375 0.2506947109375 0.997596153125 0.341052884375 0.997596153125
2 0.29453125 0.9953125 0.0875 0.00859375
0 0.2859375 0.9359375 0.08125 0.0375
3 0.27109375 0.86015625 0.0796875 0.0375
7 0.2578125 0.78515625 0.08515625 0.0375
1 0.2453125 0.70859375 0.08203125 0.03515625
10 0.23203125 0.63515625 0.08203125 0.0375
6 0.2171875 0.56328125 0.08515625 0.03359375
8 0.20625 0.48515625 0.0828125 0.03359375
5 0.19375 0.41328125 0.0796875 0.0328125
4 0.1796875 0.3359375 0.08359375 0.0328125