9 0.5 0.5 1 1
11 0.246810096875 0.738396634375 0.24748798125000002 0.8272211531250001 0.997596153125 0.8543028843749999 0.997596153125 0.7655168265625 0.246810096875 0.738396634375
2 0.95390625 0.81015625 0.0453125 0.08984375
0 0.8796875 0.80625 0.05234375 0.0890625
3 0.80390625 0.80390625 0.04921875 0.08828125
7 0.7265625 0.80078125 0.05078125 0.08984375
1 0.6515625 0.79921875 0.05 0.08515625
10 0.57578125 0.79609375 0.05 0.0875
6 0.50078125 0.79140625 0.04609375 0.08671875
8 0.42578125 0.78984375 0.05 0.08671875
5 0.35 0.78828125 0.05 0.0890625
4 0.27421875 0.7859375 0.05234375 0.0890625