9 0.5 0.5 1 1
11 0.23227644218750002 0.286052884375 0.146627403125 0.29480048124999997 0.215877403125 0.997596153125 0.30784375 0.997596153125 0.23227644218750002 0.286052884375
2 0.259375 0.98828125 0.08671875 0.02265625
0 0.25625 0.9203125 0.08359375 0.03671875
3 0.24765625 0.84296875 0.07890625 0.03671875
7 0.23984375 0.76796875 0.08359375 0.0375
1 0.23203125 0.69140625 0.08359375 0.03515625
10 0.22421875 0.61640625 0.0828125 0.03515625
6 0.21796875 0.5421875 0.084375 0.03515625
8 0.209375 0.465625 0.08046875 0.0390625
5 0.19921875 0.3921875 0.08203125 0.0375
4 0.19375 0.3140625 0.0796875 0.03828125