9 0.5 0.5 1 1
11 0.24398317343749998 0.7357043265625001 0.2430456734375 0.8248509609375001 0.997596153125 0.8576947109375 0.997596153125 0.76573076875 0.24398317343749998 0.7357043265625001
2 0.9546875 0.81015625 0.046875 0.08828125
0 0.88046875 0.8078125 0.05 0.08984375
3 0.803125 0.8078125 0.05 0.0890625
7 0.72578125 0.80234375 0.05 0.08984375
1 0.6515625 0.7984375 0.04765625 0.08984375
10 0.57578125 0.7953125 0.05 0.09140625
6 0.5 0.79296875 0.046875 0.08984375
8 0.42578125 0.7890625 0.04765625 0.0859375
5 0.35078125 0.78828125 0.04765625 0.0921875
4 0.27421875 0.784375 0.05078125 0.08828125