9 0.5 0.5 1 1
11 0.997596153125 0.8525096156249999 0.997596153125 0.7645889421875001 0.6239759609375 0.75223076875 0.2563918265625 0.7379134609375 0.2574519234375 0.8269230765625 0.997596153125 0.8542379812500001 0.997596153125 0.8525096156249999
2 0.96328125 0.809375 0.046875 0.08828125
0 0.8890625 0.81015625 0.0484375 0.0875
3 0.8140625 0.80546875 0.0484375 0.090625
7 0.7375 0.803125 0.05 0.0875
1 0.6609375 0.79765625 0.04765625 0.09140625
10 0.584375 0.7953125 0.05078125 0.0890625
6 0.5109375 0.79296875 0.046875 0.0890625
8 0.4359375 0.78984375 0.04765625 0.0890625
5 0.359375 0.78828125 0.04921875 0.08984375
4 0.284375 0.78515625 0.05234375 0.09140625