9 0.5 0.5 1 1
11 0.997596153125 0.763158653125 0.997596153125 0.673334134375 0.30992548124999997 0.7816730765625 0.3263822109375 0.8756105765625 0.997596153125 0.763158653125
2 0.99296875 0.6953125 0.0140625 0.034375
0 0.9390625 0.73125 0.04296875 0.0828125
3 0.8640625 0.74140625 0.03984375 0.08203125
7 0.78984375 0.75390625 0.0390625 0.08359375
1 0.71328125 0.7625 0.0390625 0.0828125
10 0.64140625 0.7765625 0.0359375 0.08359375
6 0.5671875 0.78671875 0.034375 0.08515625
8 0.4921875 0.79765625 0.03515625 0.08828125
5 0.41796875 0.81015625 0.0359375 0.08671875
4 0.3453125 0.82265625 0.03515625 0.0859375