9 0.5 0.5 1 1
11 0.278665865625 0.24574038437499998 0.1878293265625 0.24009375 0.12470673125000001 0.980721153125 0.21194951875 0.9858533656249999 0.278665865625 0.24574038437499998
2 0.171875 0.94609375 0.08515625 0.03984375
0 0.17578125 0.87421875 0.0859375 0.0453125
3 0.1828125 0.7984375 0.08828125 0.0484375
7 0.18984375 0.72265625 0.0875 0.04765625
1 0.19765625 0.6484375 0.0859375 0.0484375
10 0.2046875 0.571875 0.0875 0.04375
6 0.2109375 0.4984375 0.08671875 0.04140625
8 0.21875 0.42265625 0.08671875 0.04296875
5 0.2234375 0.34921875 0.0859375 0.04453125
4 0.23125 0.2703125 0.08828125 0.04453125