9 0.5 0.5 1 1
11 0.25717548125 0.8278365390625 0.997596153125 0.8529230765625 0.997596153125 0.7643485578125 0.2566826921875 0.738314903125 0.25717548125 0.8278365390625
2 0.9625 0.809375 0.0484375 0.0859375
0 0.8890625 0.80703125 0.05078125 0.090625
3 0.8125 0.8046875 0.05234375 0.0890625
7 0.73671875 0.80234375 0.05234375 0.08984375
1 0.66015625 0.79921875 0.05 0.08828125
10 0.584375 0.7953125 0.05234375 0.0875
6 0.51015625 0.7921875 0.0484375 0.0875
8 0.43515625 0.78984375 0.04921875 0.08828125
5 0.3609375 0.78828125 0.05078125 0.0890625
4 0.284375 0.78515625 0.0515625 0.09140625