9 0.5 0.5 1 1
11 0.25811298125 0.7375697109375 0.2576923078125 0.8274062499999999 0.997596153125 0.8546923078124999 0.997596153125 0.7663798078124999 0.25811298125 0.7375697109375
2 0.9625 0.809375 0.04765625 0.0859375
0 0.890625 0.80703125 0.04765625 0.0859375
3 0.8125 0.8046875 0.04765625 0.0859375
7 0.73671875 0.80078125 0.0515625 0.0859375
1 0.6609375 0.79921875 0.0515625 0.0859375
10 0.58515625 0.79609375 0.0515625 0.0859375
6 0.51171875 0.79296875 0.0515625 0.0859375
5 0.36015625 0.7875 0.0515625 0.08984375
8 0.43515625 0.790625 0.0515625 0.0859375
4 0.28515625 0.7859375 0.0515625 0.09453125