9 0.5 0.5 1 1
11 0.856408653125 0.70710576875 0.7995240390625 0 0.7078798078124999 0.0015793265625 0.767697115625 0.7119831734375001 0.856408653125 0.70710576875
2 0.7515625 0.01328125 0.0890625 0.0265625
0 0.7609375 0.08046875 0.0890625 0.04296875
3 0.76640625 0.15625 0.0875 0.03828125
7 0.775 0.23203125 0.08359375 0.04296875
1 0.778125 0.31015625 0.0859375 0.040625
10 0.784375 0.384375 0.08671875 0.04140625
6 0.79140625 0.45703125 0.0859375 0.0390625
8 0.79765625 0.53046875 0.08671875 0.04296875
5 0.80546875 0.60703125 0.08828125 0.0375
4 0.81171875 0.68203125 0.0890625 0.04609375