9 0.5 0.5 1 1
11 0.25761298125 0.7375480765625 0.256677884375 0.8250072109375 0.997596153125 0.85540625 0.997596153125 0.7646754812500001 0.25761298125 0.7375480765625
2 0.96328125 0.81015625 0.046875 0.08828125
0 0.8890625 0.8078125 0.05078125 0.08828125
3 0.8125 0.80546875 0.04921875 0.0890625
7 0.73671875 0.8015625 0.0515625 0.0890625
1 0.6609375 0.7984375 0.0484375 0.08828125
10 0.58515625 0.7953125 0.05078125 0.0859375
6 0.51171875 0.7921875 0.05 0.08828125
8 0.43671875 0.7890625 0.05 0.0890625
5 0.3609375 0.7875 0.05 0.09140625
4 0.284375 0.784375 0.0515625 0.090625