9 0.5 0.5 1 1
11 0.7259831734375 0.7564855765625 0.8132139421875 0.7642235578125 0.8821538468749999 0.02391826875 0.7928124999999999 0.0204014421875 0.7259831734375 0.7564855765625
2 0.83515625 0.059375 0.0875 0.0421875
0 0.82890625 0.13359375 0.090625 0.0484375
3 0.821875 0.2078125 0.0859375 0.04921875
7 0.81484375 0.2828125 0.084375 0.05078125
1 0.80859375 0.359375 0.084375 0.046875
10 0.8015625 0.43515625 0.084375 0.04921875
6 0.79375 0.50703125 0.08671875 0.046875
8 0.7875 0.5828125 0.08671875 0.046875
5 0.78203125 0.65859375 0.0890625 0.0453125
4 0.7765625 0.73359375 0.090625 0.05