9 0.5 0.5 1 1
11 0.989832 0.6056576578125 0.9942679999999999 0.564834834375 0.011096 0.427375375 0.005548 0.46486486562499996 0.989832 0.6056576578125
2 0.3140625 0.48828125 0.04453125 0.03984375
0 0.39140625 0.49921875 0.04296875 0.0359375
3 0.471875 0.5109375 0.04140625 0.034375
7 0.5484375 0.52109375 0.0421875 0.03671875
1 0.62890625 0.5328125 0.0453125 0.034375
10 0.70859375 0.54609375 0.04765625 0.03203125
6 0.78671875 0.55546875 0.0484375 0.0328125
8 0.86171875 0.56796875 0.05703125 0.03515625
5 0.9375 0.57734375 0.0453125 0.0359375
4 0.98359375 0.58359375 0.0171875 0.03671875