9 0.5 0.5 1 1
11 0.591904 0.07727927968750001 0.53932 0.0765105109375 0.45525200000000005 0.8752612609374999 0.506008 0.8770210203125 0.591904 0.07727927968750001
2 0.50546875 0.64609375 0.046875 0.03984375
0 0.5109375 0.58671875 0.05 0.040625
3 0.51640625 0.5265625 0.04921875 0.03671875
7 0.5234375 0.4671875 0.05 0.03671875
1 0.53046875 0.40546875 0.04921875 0.0375
10 0.53828125 0.34765625 0.0484375 0.040625
6 0.54453125 0.2859375 0.05234375 0.040625
8 0.55078125 0.22734375 0.04921875 0.0421875
5 0.55859375 0.165625 0.05 0.04375
4 0.5640625 0.1015625 0.053125 0.0421875