9 0.5 0.5 1 1
11 0.4467235453125 0.23155257968749998 0.39123941875 0.231123015625 0.37808465625 0.9356299609375001 0.42441534374999995 0.9360585312499999 0.4467235453125 0.23155257968749998
2 0.40234375 0.8 0.04609375 0.03359375
0 0.40390625 0.7453125 0.04609375 0.03828125
3 0.40546875 0.690625 0.04765625 0.0359375
7 0.40625 0.63515625 0.0484375 0.0390625
1 0.40859375 0.57890625 0.0484375 0.03984375
10 0.41015625 0.51953125 0.05 0.03984375
6 0.41171875 0.459375 0.0484375 0.03984375
8 0.4125 0.39921875 0.0484375 0.04140625
5 0.415625 0.33984375 0.0484375 0.04140625
4 0.41640625 0.27734375 0.05078125 0.04140625