9 0.5 0.5 1 1
11 0.872222221875 0.44953273749999995 0.368810846875 0.402435515625 0.018744709374999998 0.37010019843749997 0.011763228125 0.40489583281249997 0.2906071421875 0.430553571875 0.599480159375 0.461834325 0.8642566140625 0.490303571875 0.872222221875 0.44953273749999995
2 0.11484375 0.39609375 0.0390625 0.03125
0 0.184375 0.403125 0.04765625 0.03046875
3 0.259375 0.4078125 0.0421875 0.02890625
7 0.33125 0.4171875 0.0453125 0.02890625
1 0.40859375 0.42421875 0.0421875 0.03125
10 0.48515625 0.43125 0.05 0.0296875
6 0.56484375 0.4390625 0.05078125 0.03046875
8 0.64609375 0.44609375 0.04609375 0.03125
5 0.7265625 0.4546875 0.0484375 0.03359375
4 0.80703125 0.46328125 0.05078125 0.034375