9 0.5 0.5 1 1
11 0.3057341265625 0.9236220234375001 0.352769840625 0.9299910718750001 0.49387830624999995 0.23126091249999997 0.43769709062500006 0.225380953125 0.3057341265625 0.9236220234375001
2 0.35390625 0.78984375 0.04296875 0.03203125
0 0.36484375 0.7359375 0.046875 0.03125
3 0.3765625 0.6796875 0.0453125 0.02890625
7 0.3875 0.62578125 0.04453125 0.03125
1 0.3953125 0.56953125 0.0453125 0.0328125
10 0.4078125 0.51015625 0.046875 0.02890625
6 0.41953125 0.4515625 0.04375 0.0328125
8 0.43125 0.39140625 0.04609375 0.03125
5 0.44296875 0.3328125 0.04609375 0.0328125
4 0.4546875 0.271875 0.04765625 0.0328125