9 0.5 0.5 1 1
11 0.501683065625 0.099621075 0.4187473984375 0.10007823281249999 0.41945222343750005 0.8890122406250001 0.4970823078125 0.8896551359375 0.501683065625 0.099621075
2 0.46015625 0.7265625 0.0765625 0.03828125
0 0.46015625 0.6625 0.075 0.040625
3 0.46015625 0.59921875 0.07734375 0.04140625
7 0.459375 0.534375 0.0765625 0.04140625
1 0.459375 0.46953125 0.07734375 0.040625
10 0.4609375 0.40234375 0.07734375 0.04296875
6 0.46015625 0.33515625 0.0765625 0.0453125
8 0.4609375 0.2671875 0.07734375 0.04296875
5 0.4609375 0.196875 0.08046875 0.046875
4 0.46015625 0.1265625 0.08046875 0.0453125