9 0.5 0.5 1 1
11 0.6316038359375 0.31346255 0.7883349875000001 0.3169454359375 0.9468078703125 0.31999305625 0.9543541671875 0.2790687 0.7906570765625001 0.2755858140625 0.5555251328125 0.26905530781250003 0.202589615625 0.25817113125 0.002902446875 0.252076140625 0.0000231484375 0.2934357640625 0.1364375 0.29648338281250003 0.28737533125 0.3017075890625 0.452814153125 0.307802828125 0.6316038359375 0.31346255
2 0.165625 0.27734375 0.05390625 0.03828125
0 0.25 0.2796875 0.05390625 0.0359375
3 0.33359375 0.2828125 0.053125 0.0375
7 0.4203125 0.2859375 0.053125 0.03828125
1 0.50234375 0.28828125 0.0515625 0.0390625
10 0.58515625 0.290625 0.0484375 0.0390625
6 0.66796875 0.29296875 0.05078125 0.03828125
8 0.7515625 0.2953125 0.05078125 0.0375
5 0.83515625 0.296875 0.04765625 0.0375
4 0.921875 0.29921875 0.04921875 0.0375