9 0.5 0.5 1 1
11 0.645704365625 0.8713998015625 0.26812301562499996 0.32385639843749997 0.2359884265625 0.3449446921875 0.60654034375 0.8857095734374999 0.645704365625 0.8713998015625
4 0.615625 0.8640625 0.03125 0.025
5 0.584375 0.81875 0.03046875 0.0265625
8 0.5546875 0.77578125 0.0328125 0.02734375
6 0.5265625 0.7328125 0.0328125 0.025
10 0.496875 0.6890625 0.03828125 0.021875
1 0.46796875 0.646875 0.028125 0.0265625
7 0.43828125 0.6046875 0.034375 0.02421875
3 0.41015625 0.56171875 0.0296875 0.025
0 0.38125 0.51875 0.028125 0.02578125
2 0.3515625 0.47578125 0.02578125 0.0265625