9 0.5 0.5 1 1
11 0.6842218921875001 0.3370766375 0.655632275 0.32133680625 0.65195238125 0.320912203125 0.6460079359375 0.32409647812500003 0.073314153125 0.7708598703125 0.09001488125 0.7782904265624999 0.1019037703125 0.7869947921875 0.1072820765625 0.7948497031249999 0.6850710984374999 0.341747271875 0.6859203046875 0.33962425625 0.6842218921875001 0.3370766375
2 0.19765625 0.6984375 0.0328125 0.02421875
0 0.25234375 0.6546875 0.03203125 0.02265625
3 0.30625 0.6109375 0.03046875 0.02578125
7 0.36015625 0.5703125 0.0328125 0.02578125
1 0.41171875 0.53125 0.03359375 0.02578125
10 0.4609375 0.4921875 0.03046875 0.025
6 0.51015625 0.45390625 0.03515625 0.02421875
8 0.55625 0.4171875 0.03046875 0.02421875
5 0.6046875 0.37890625 0.02890625 0.0234375
4 0.6515625 0.34375 0.03359375 0.0203125