9 0.5 0.5 1 1
11 0.1887251984375 0.6416312 0.177325728125 0.8967048609375 0.2317900125 0.8934370046875 0.23685648124999997 0.7556927078125 0.24698941875 0.5010751484375 0.2533224203125 0.13720262968750002 0.2032913359375 0.14147743125 0.20075826718749998 0.2549975203125 0.1887251984375 0.6416312
4 0.22734375 0.16015625 0.0453125 0.0328125
5 0.22578125 0.221875 0.0484375 0.03671875
8 0.22421875 0.284375 0.04921875 0.0359375
6 0.2234375 0.34609375 0.04921875 0.03671875
10 0.22265625 0.409375 0.0484375 0.03671875
1 0.2203125 0.47265625 0.0515625 0.0390625
7 0.21875 0.53515625 0.0484375 0.0359375
3 0.215625 0.6 0.0515625 0.03984375
0 0.2125 0.66640625 0.0484375 0.040625
2 0.209375 0.7328125 0.0515625 0.03984375