9 0.5 0.5 1 1
11 0 0.331915178125 0.501292328125 0.34148511875 0.9061276453125 0.3437036203125 0.906454365625 0.30453745 0.42385714218750004 0.30315699375 0 0.2958365578125 0 0.331915178125
2 0.15546875 0.315625 0.040625 0.03203125
0 0.23125 0.3171875 0.04375 0.0328125
3 0.30625 0.31953125 0.0421875 0.03046875
7 0.384375 0.3203125 0.0421875 0.03203125
1 0.4625 0.32265625 0.04609375 0.03203125
10 0.540625 0.3234375 0.04453125 0.03359375
6 0.62109375 0.32265625 0.046875 0.0328125
8 0.70234375 0.3234375 0.0484375 0.0328125
5 0.7875 0.32421875 0.05 0.03515625
4 0.87578125 0.321875 0.05234375 0.0328125