9 0.5 0.5 1 1
11 0.827259259375 0.19226016875000002 0.790880290625 0.1681068953125 0.1186792328125 0.733991815625 0.162214615625 0.7545669640625 0.827259259375 0.19226016875000002
2 0.33515625 0.57890625 0.04453125 0.0203125
0 0.38671875 0.5359375 0.04453125 0.0203125
3 0.43515625 0.49453125 0.04453125 0.0203125
7 0.48828125 0.45078125 0.04453125 0.0203125
1 0.5375 0.41015625 0.04453125 0.0203125
10 0.58671875 0.3671875 0.04453125 0.0203125
6 0.6375 0.32421875 0.04453125 0.0203125
5 0.7390625 0.2375 0.04453125 0.0203125
8 0.6875 0.28203125 0.04453125 0.0203125
4 0.79296875 0.19453125 0.04453125 0.0203125