9 0.5 0.5 1 1
11 0.5854844578125 0.147951140625 0.53114351875 0.1476986609375 0.5190922625 0.9042730656250001 0.5745988750000001 0.90606324375 0.5854844578125 0.147951140625
4 0.55703125 0.1671875 0.04921875 0.03671875
5 0.55625 0.2296875 0.0484375 0.034375
8 0.55546875 0.28984375 0.05078125 0.03515625
6 0.5546875 0.35 0.04921875 0.0359375
10 0.55234375 0.4109375 0.0484375 0.034375
1 0.55234375 0.471875 0.04921875 0.034375
7 0.55078125 0.53125 0.04765625 0.034375
3 0.55078125 0.59453125 0.05 0.0359375
0 0.55078125 0.65859375 0.04921875 0.0375
2 0.5484375 0.721875 0.05078125 0.0390625