9 0.5 0.5 1 1
11 0.872104496875 0.5758549109375 0.8751577375 0.5717346234375 0.85561805625 0.55113368125 0.636406084375 0.5644097218749999 0.48680489375 0.5740235609375001 0.3286547625 0.5850109125 0.1601243390625 0.5964558531249999 0.0007420640624999999 0.6094223703125 0 0.6344533734375 0.162215278125 0.6216349203125 0.412568453125 0.6024072421875 0.575685515625 0.592335565625 0.73715806875 0.5813484625 0.872104496875 0.5758549109375
2 0.11875 0.61015625 0.046875 0.02109375
0 0.20625 0.6046875 0.0484375 0.0203125
3 0.28984375 0.59609375 0.05078125 0.021875
7 0.37421875 0.590625 0.0484375 0.01796875
1 0.4546875 0.58671875 0.046875 0.01953125
10 0.5328125 0.58203125 0.04296875 0.01875
6 0.6125 0.57578125 0.03984375 0.02109375
8 0.68828125 0.5703125 0.034375 0.02265625
5 0.7640625 0.56796875 0.0359375 0.021875
4 0.840625 0.5625 0.03359375 0.02109375