9 0.5 0.5 1 1
11 0.35920866406249996 0.1841138390625 0.3080013234375 0.184678571875 0.24354761875 0.9211292156249999 0.3019768515625 0.9239965281250001 0.35920866406249996 0.1841138390625
2 0.28515625 0.75546875 0.05078125 0.040625
0 0.2921875 0.68984375 0.0515625 0.03984375
3 0.296875 0.62421875 0.04921875 0.0375
7 0.303125 0.56015625 0.0515625 0.0375
1 0.30859375 0.4984375 0.0515625 0.0375
10 0.3125 0.43828125 0.04765625 0.0359375
6 0.31796875 0.3796875 0.05078125 0.034375
8 0.321875 0.32109375 0.04765625 0.03359375
5 0.32734375 0.2625 0.0453125 0.034375
4 0.33203125 0.20390625 0.04375 0.03359375