9 0.5 0.5 1 1
11 0.46720965625 0.8744687499999999 0.5154146828124999 0.8744687499999999 0.4970509265625 0.1176200390625 0.45334589999999997 0.117616815625 0.46720965625 0.8744687499999999
2 0.47890625 0.36328125 0.04375 0.0328125
0 0.48125 0.415625 0.04375 0.02890625
3 0.4828125 0.46953125 0.0421875 0.03125
7 0.48359375 0.5234375 0.0453125 0.03125
1 0.484375 0.57578125 0.04453125 0.03125
10 0.4859375 0.6296875 0.04453125 0.0328125
6 0.48828125 0.68515625 0.04296875 0.0328125
8 0.4875 0.7390625 0.04375 0.0328125
5 0.4890625 0.7953125 0.04296875 0.03125
4 0.490625 0.85390625 0.04375 0.03359375