9 0.5 0.5 1 1
11 0.569181878125 0.8539950390625 0.10505489374999999 0.8523608625 0.00174305625 0.8507266859374999 0.00174305625 0.891580109375 0.1869441140625 0.8941946921874999 0.5817582671875 0.8961555062500001 0.8829345234374999 0.897462796875 0.881626984375 0.8559561015625 0.569181878125 0.8539950390625
2 0.1484375 0.8734375 0.046875 0.040625
0 0.2234375 0.87421875 0.04765625 0.040625
3 0.3 0.875 0.04921875 0.04375
7 0.37890625 0.87578125 0.04765625 0.04296875
1 0.45546875 0.87578125 0.05 0.04453125
10 0.5359375 0.875 0.05234375 0.04296875
6 0.61171875 0.87578125 0.05234375 0.04296875
8 0.6921875 0.8765625 0.053125 0.04453125
5 0.77109375 0.87734375 0.05390625 0.040625
4 0.85234375 0.87734375 0.05546875 0.04140625