9 0.5 0.5 1 1
11 0.9639550265624999 0.7948908734375 0.9639550265624999 0.7477678578125 0.021494709375 0.7366071421875 0.0198412703125 0.7800099203124999 0.9639550265624999 0.7948908734375
2 0.12734375 0.7609375 0.05390625 0.0421875
0 0.2140625 0.7609375 0.05390625 0.04375
3 0.29765625 0.76328125 0.05625 0.04453125
7 0.38671875 0.7625 0.0546875 0.046875
1 0.4734375 0.76328125 0.05625 0.046875
10 0.56328125 0.76484375 0.05703125 0.046875
6 0.65234375 0.765625 0.0578125 0.046875
8 0.7421875 0.7671875 0.05859375 0.04765625
5 0.834375 0.76796875 0.05859375 0.0484375
4 0.9296875 0.76953125 0.06015625 0.04609375