9 0.5 0.5 1 1
11 0.9278501984374999 0.72962103125 0.9126296296874999 0.6872353671875 0.7321547625 0.7084280749999999 0.5255873015625 0.7366852671874999 0.2690085984375 0.77146329375 0.00300760625 0.8062410718749999 0 0.8518874015625 0.200152778125 0.8301510421874999 0.44658399531250004 0.7926560015625 0.7104107140625 0.7584213796875 0.9278501984374999 0.72962103125
2 0.14609375 0.81171875 0.0515625 0.03671875
0 0.23359375 0.7984375 0.04765625 0.03984375
3 0.31953125 0.78828125 0.05078125 0.0375
7 0.40390625 0.7765625 0.05 0.040625
1 0.48671875 0.76484375 0.05234375 0.0375
10 0.56796875 0.75390625 0.0421875 0.0390625
6 0.6515625 0.7421875 0.04453125 0.03828125
8 0.73125 0.734375 0.04453125 0.0375
5 0.81328125 0.72421875 0.03828125 0.0375
4 0.8953125 0.71171875 0.0375 0.03828125