9 0.5 0.5 1 1
11 0.445108465625 0.0008797124999999999 0.446281415625 0.6796875 0.44393551562500005 0.8573792156250001 0.49906084687499996 0.8573792156250001 0.49847453750000004 0.0004397328125 0.445108465625 0.0008797124999999999
2 0.471875 0.28203125 0.05078125 0.03828125
0 0.47109375 0.34453125 0.0484375 0.0375
3 0.471875 0.40546875 0.0515625 0.0375
7 0.471875 0.46796875 0.05 0.0390625
1 0.47109375 0.528125 0.05078125 0.03671875
10 0.471875 0.58984375 0.04921875 0.0359375
6 0.471875 0.65 0.046875 0.03671875
8 0.47109375 0.71171875 0.05078125 0.03828125
5 0.47109375 0.77421875 0.05 0.03828125
4 0.47265625 0.83671875 0.05234375 0.03984375