9 0.5 0.5 1 1
11 0.5072671953125 0.285724703125 0.47889484062500004 0.4321014390625 0.40965575468750004 0.7742296625 0.367983796875 0.999488590625 0.4221494703125 0.999488590625 0.45052215625 0.8299236109375 0.48405324062500005 0.6468174609374999 0.5253227515625001 0.43462921562499995 0.5528353171875 0.28701438437500004 0.5072671953125 0.285724703125
2 0.428125 0.8046875 0.04296875 0.0359375
0 0.440625 0.74296875 0.040625 0.034375
3 0.45234375 0.6828125 0.04453125 0.03359375
7 0.4640625 0.62421875 0.0390625 0.03359375
1 0.47578125 0.56875 0.04453125 0.0296875
10 0.4859375 0.51328125 0.0375 0.0296875
6 0.49609375 0.46015625 0.0375 0.0296875
8 0.5046875 0.4078125 0.0390625 0.03046875
5 0.51640625 0.35546875 0.0359375 0.03046875
4 0.52578125 0.30546875 0.0375 0.03125