9 0.5 0.5 1 1
11 0.260285053125 0.2130513390625 0.2053849203125 0.211580853125 0.2112671953125 0.3851041671875 0.2146984125 0.5575248015625001 0.21616898125 0.71341641875 0.2142083328125 0.902909721875 0.2627357796875 0.9025421625 0.2642063484375 0.750326884375 0.264696759375 0.6513816968749999 0.2642063484375 0.5028501984375 0.26224570156250004 0.3814499015625 0.260285053125 0.2130513390625
2 0.23984375 0.73046875 0.0484375 0.03125
0 0.240625 0.6796875 0.04765625 0.03203125
3 0.240625 0.62890625 0.04921875 0.0328125
7 0.23984375 0.5765625 0.04921875 0.034375
1 0.2390625 0.5234375 0.05078125 0.03515625
10 0.2390625 0.46875 0.0515625 0.03515625
6 0.2375 0.41328125 0.05234375 0.03671875
8 0.23515625 0.35625 0.05234375 0.03828125
5 0.23359375 0.29609375 0.05390625 0.0375
4 0.2328125 0.2328125 0.05234375 0.03828125