9 0.5 0.5 1 1
11 0.6642956343749999 0.22933506874999998 0.668086640625 0.27278199375 0.687042328125 0.6174513890625 0.698415675 0.75441493125 0.7093743390625 0.9621827875 0.7731544312499999 0.9621718749999999 0.7455337296875 0.6185138890624999 0.73470205 0.4914508921875 0.7195373671875 0.26060069375 0.7124970234375 0.21999603125 0.6642956343749999 0.22933506874999998
4 0.690625 0.24140625 0.04140625 0.02890625
5 0.69453125 0.2953125 0.04296875 0.028125
8 0.6984375 0.34921875 0.04609375 0.03125
6 0.7015625 0.403125 0.04921875 0.0328125
10 0.70546875 0.46171875 0.04765625 0.034375
1 0.709375 0.5203125 0.04921875 0.0375
7 0.71328125 0.58125 0.05234375 0.0390625
3 0.71796875 0.646875 0.053125 0.04296875
0 0.7234375 0.71484375 0.0515625 0.04453125
2 0.7296875 0.7859375 0.05546875 0.04453125