9 0.5 0.5 1 1
11 0.8070595234375 0.19445436562500001 0.8004735453125 0.30274603125 0.775141865625 0.6652390875 0.768049271875 0.8256780750000001 0.8141524468749999 0.8275781249999999 0.8207384265625001 0.7128266375 0.83340443125 0.5041919640625 0.8455634921874999 0.3399908234375 0.8582291671875 0.192554315625 0.8070595234375 0.19445436562500001
2 0.7984375 0.6921875 0.04609375 0.0296875
0 0.8015625 0.6390625 0.0453125 0.0328125
3 0.8046875 0.58984375 0.046875 0.03046875
7 0.80625 0.5359375 0.04609375 0.03125
1 0.81015625 0.48359375 0.046875 0.0328125
10 0.8140625 0.43046875 0.046875 0.03203125
6 0.81875 0.37734375 0.04609375 0.03359375
8 0.8234375 0.3234375 0.04609375 0.03359375
5 0.82578125 0.26953125 0.04453125 0.034375
4 0.83203125 0.2125 0.04375 0.034375