9 0.5 0.5 1 1
11 0.89297056875 0.406165921875 0.8870287703124999 0.383883928125 0.0016977515625 0.31258209375 0.000848875 0.337410465625 0.89297056875 0.406165921875
2 0.22734375 0.33828125 0.04765625 0.021875
0 0.3046875 0.34296875 0.04609375 0.021875
3 0.37890625 0.3484375 0.04765625 0.02109375
7 0.45234375 0.35546875 0.04765625 0.0203125
1 0.52265625 0.36171875 0.046875 0.02109375
10 0.59296875 0.36875 0.04375 0.02109375
6 0.6625 0.3734375 0.04140625 0.0203125
8 0.73046875 0.37890625 0.0375 0.0203125
5 0.79765625 0.3859375 0.03671875 0.01953125
4 0.86640625 0.39140625 0.0359375 0.0203125