9 0.5 0.5 1 1
11 0.7009897484375001 0.940836309375 0.7559120375 0.9500491078125 0.84122420625 0.22666319375000002 0.7903353171874999 0.2282209828125 0.7009897484375001 0.940836309375
2 0.74921875 0.759375 0.05 0.034375
0 0.75625 0.69921875 0.05078125 0.03515625
3 0.76171875 0.64140625 0.0515625 0.03515625
7 0.76953125 0.5828125 0.05078125 0.03515625
1 0.7765625 0.5265625 0.05 0.03515625
10 0.784375 0.46953125 0.05 0.03515625
6 0.790625 0.41328125 0.0484375 0.03671875
8 0.79765625 0.359375 0.04921875 0.03671875
5 0.80546875 0.30234375 0.04765625 0.03515625
4 0.81328125 0.24609375 0.0484375 0.0359375