9 0.5 0.5 1 1
11 0.10013062187499999 0.76784995 0.126251653125 0.78036631875 0.13350760625 0.7934268359375001 0.893223875 0.3198958328125 0.8605724203125 0.29268625937500004 0.5006243390625 0.5136813 0.10013062187499999 0.76784995
2 0.31015625 0.65859375 0.0375 0.03046875
0 0.3703125 0.62109375 0.03671875 0.02734375
3 0.4296875 0.58359375 0.0375 0.02734375
7 0.48984375 0.54609375 0.0390625 0.028125
1 0.54921875 0.509375 0.040625 0.02578125
10 0.609375 0.471875 0.03828125 0.02734375
6 0.66953125 0.434375 0.03671875 0.02890625
8 0.728125 0.39765625 0.03671875 0.028125
5 0.790625 0.35859375 0.0375 0.0265625
4 0.8546875 0.31875 0.03515625 0.028125