9 0.5 0.5 1 1
11 0.4935320765625 0.9702869546875 0.5425919312499999 0.9702869546875 0.5051517859375 0.31070709375 0.4593485453125 0.3119982640625 0.4935320765625 0.9702869546875
4 0.48515625 0.32890625 0.04296875 0.034375
5 0.48828125 0.38515625 0.04296875 0.03203125
8 0.49140625 0.4390625 0.0421875 0.0328125
6 0.49296875 0.49375 0.04296875 0.03125
10 0.496875 0.546875 0.04375 0.0328125
1 0.5 0.60078125 0.0421875 0.03203125
7 0.50234375 0.6546875 0.04375 0.034375
3 0.50546875 0.709375 0.04375 0.0328125
0 0.5078125 0.76328125 0.0421875 0.034375
2 0.51015625 0.81796875 0.04296875 0.034375