9 0.5 0.5 1 1
11 0.6084150125 0.1369635421875 0.5574695765625 0.2871641859375 0.453236771875 0.5981498015625 0.3472473546875 0.9227762890625 0.32323875625 0.9991413687499999 0.3935079359375 0.9995806046875 0.4684619703125 0.7641609625 0.5229206343749999 0.5990280265625 0.6008022484375 0.3600860609375 0.6728283734375 0.1422338796875 0.6084150125 0.1369635421875
2 0.3953125 0.8828125 0.05703125 0.0375
0 0.41953125 0.80390625 0.0578125 0.04140625
3 0.446875 0.725 0.05703125 0.04375
7 0.47421875 0.6421875 0.05859375 0.040625
1 0.49921875 0.5625 0.05546875 0.03984375
10 0.52578125 0.484375 0.05625 0.040625
6 0.5515625 0.40546875 0.05390625 0.04296875
8 0.57734375 0.328125 0.0546875 0.03984375
5 0.6046875 0.24765625 0.05390625 0.04375
4 0.63125 0.1671875 0.05625 0.0421875