9 0.5 0.5 1 1
11 0.751332671875 0.22364161718750003 0.50475330625 0.23353348281250003 0.0005734125 0.24901636875 0 0.2847130453125 0.1508148140625 0.2799821421875 0.5872486765625 0.27138045625 0.9359804890625 0.25933829375 0.9348336640625 0.21633035781249998 0.751332671875 0.22364161718750003
2 0.17734375 0.2609375 0.04609375 0.03671875
0 0.246875 0.259375 0.04765625 0.03671875
3 0.31796875 0.2578125 0.04921875 0.03828125
7 0.39453125 0.25546875 0.05 0.03984375
1 0.47109375 0.253125 0.05078125 0.03984375
10 0.55078125 0.2515625 0.0515625 0.03984375
6 0.6328125 0.2484375 0.05390625 0.040625
8 0.71875 0.2453125 0.05703125 0.04140625
5 0.80859375 0.2421875 0.0578125 0.04140625
4 0.90390625 0.23828125 0.06015625 0.04140625