9 0.5 0.5 1 1
11 0.9992050265625 0.257638640625 0.9971802249999999 0.2095662203125 0.00007804218749999999 0.22829737031250003 0.00030191875 0.27885788749999996 0.9992050265625 0.257638640625
2 0.0390625 0.25078125 0.07265625 0.04765625
0 0.153125 0.2484375 0.0671875 0.0484375
3 0.2625 0.246875 0.0734375 0.0453125
7 0.36875 0.2453125 0.06640625 0.04453125
1 0.4734375 0.24375 0.06484375 0.04453125
10 0.57578125 0.24140625 0.05859375 0.0453125
6 0.6765625 0.2390625 0.05546875 0.04296875
8 0.77421875 0.2359375 0.0515625 0.04296875
5 0.8734375 0.23515625 0.05859375 0.04296875
4 0.9703125 0.23359375 0.04765625 0.0421875