9 0.5 0.5 1 1
11 0.8915241406250001 0.8699424609375 0.8758283734375001 0.3731453375 0.871119378125 0.1264888390625 0.81461441875 0.1282547125 0.8350191796875001 0.8687651296875 0.8915241406250001 0.8699424609375
2 0.8578125 0.7046875 0.0578125 0.0421875
0 0.85625 0.64140625 0.05625 0.04140625
3 0.853125 0.578125 0.0578125 0.04140625
7 0.85078125 0.5140625 0.05703125 0.03984375
1 0.84921875 0.45234375 0.05625 0.040625
10 0.846875 0.39296875 0.05625 0.0390625
6 0.846875 0.33125 0.05625 0.0390625
8 0.846875 0.27109375 0.05546875 0.0390625
5 0.84453125 0.209375 0.0546875 0.03828125
4 0.84453125 0.1484375 0.05390625 0.03828125