9 0.5 0.5 1 1
11 0.970020503125 0.7620099203125 0.959873346875 0.720167659375 0.7909953703125 0.72451488125 0.659806878125 0.7283187 0.5010760578125 0.733209325 0.33219808125 0.7408169640625 0.09084027812499999 0.7478814484375 0.000880953125 0.7526703875 0.0013088625 0.800591765625 0.2325195109375 0.7913539187499999 0.500694775 0.77885540625 0.6677797625 0.7712477671875 0.91203670625 0.7641835312499999 0.970020503125 0.7620099203125
2 0.1984375 0.76953125 0.05703125 0.04296875
0 0.28984375 0.76484375 0.0546875 0.04140625
3 0.3765625 0.76171875 0.0546875 0.04296875
7 0.46484375 0.759375 0.0546875 0.04140625
1 0.5453125 0.75546875 0.0515625 0.03828125
10 0.628125 0.75234375 0.04921875 0.0359375
6 0.70703125 0.74921875 0.0515625 0.03984375
8 0.784375 0.74765625 0.05078125 0.03671875
5 0.86171875 0.7453125 0.04921875 0.03671875
4 0.9375 0.74296875 0.046875 0.0359375