9 0.5 0.5 1 1
11 0.2760036375 0.8777844734375 0.263598875 0.7163687999999999 0.22452414062499998 0.3349255953125 0.190411375 0.3353908734375 0.24561210312499998 0.8796450890624999 0.2760036375 0.8777844734375
2 0.24765625 0.7359375 0.03125 0.02578125
0 0.2453125 0.6953125 0.03125 0.0265625
3 0.240625 0.6546875 0.03359375 0.028125
7 0.2375 0.6125 0.03359375 0.028125
1 0.2328125 0.57109375 0.03359375 0.028125
10 0.2296875 0.52890625 0.03203125 0.02890625
6 0.225 0.4859375 0.03359375 0.02890625
8 0.21953125 0.44296875 0.03203125 0.0296875
5 0.21484375 0.396875 0.03203125 0.0296875
4 0.20859375 0.35078125 0.03203125 0.02890625