9 0.5 0.5 1 1
11 0.258726521875 0.7009875984375 0.2550155421875 0.910977678125 0.3101537703125 0.9101822921875 0.3133349875 0.70618055625 0.32393849218750004 0.3236178078125 0.32658928593750003 0.151808284375 0.2741018515625 0.1526036703125 0.258726521875 0.7009875984375
4 0.29921875 0.1734375 0.05078125 0.03828125
5 0.29765625 0.23515625 0.05078125 0.03828125
8 0.29609375 0.2953125 0.05078125 0.03828125
6 0.29296875 0.3546875 0.05078125 0.03828125
10 0.2921875 0.415625 0.05078125 0.03828125
1 0.29140625 0.478125 0.05078125 0.03828125
7 0.2890625 0.53984375 0.05078125 0.03828125
3 0.28671875 0.60703125 0.05078125 0.03828125
0 0.2859375 0.671875 0.05078125 0.03828125
2 0.28359375 0.73515625 0.05078125 0.03828125