9 0.5 0.5 1 1
11 0.7070505953125 0.277444940625 0.7014513890625 0.380524553125 0.686689153125 0.6359637890625 0.6785446421875 0.8337547125 0.6765085984375 0.8658697921874999 0.7177404093749999 0.8673968249999999 0.728939153125 0.6737673609375 0.7386107796875 0.53060863125 0.7498095234375 0.38701488125 0.758972221875 0.2778266375 0.7070505953125 0.277444940625
2 0.70390625 0.73984375 0.04140625 0.02578125
0 0.70625 0.696875 0.040625 0.02890625
3 0.70859375 0.65390625 0.040625 0.02578125
7 0.7125 0.60546875 0.040625 0.028125
1 0.7140625 0.55859375 0.0390625 0.028125
10 0.71796875 0.51015625 0.040625 0.03046875
6 0.72109375 0.46015625 0.040625 0.03046875
8 0.72421875 0.409375 0.04140625 0.0328125
5 0.728125 0.35546875 0.0421875 0.0328125
4 0.73125 0.29765625 0.04453125 0.03515625