9 0.5 0.5 1 1
11 0 0.456396825 0.178325065625 0.44027926562499997 0.3108905421875 0.428728175 0.71562169375 0.39326959375000003 0.7109656078125 0.3666755953125 0.16746296249999998 0.40144568437499994 0 0.41400545624999996 0 0.456396825
2 0.2046875 0.41796875 0.04296875 0.03359375
0 0.27734375 0.4140625 0.04296875 0.03359375
3 0.3421875 0.409375 0.04296875 0.03203125
7 0.4046875 0.40390625 0.040625 0.03203125
1 0.4625 0.4 0.03515625 0.03203125
10 0.51328125 0.39609375 0.02890625 0.03203125
6 0.565625 0.39140625 0.02890625 0.03046875
8 0.61171875 0.38828125 0.02890625 0.02734375
5 0.65546875 0.384375 0.02890625 0.02734375
4 0.6984375 0.38046875 0.02421875 0.025