9 0.5 0.5 1 1
11 0.426825065625 0.8690255453125 0.4684857796875 0.8678464781249999 0.41578902187500005 0.2280803578125 0.37353108437500004 0.23034399843750003 0.426825065625 0.8690255453125
2 0.409375 0.4078125 0.0375 0.02890625
0 0.41328125 0.4609375 0.0359375 0.02890625
3 0.41953125 0.5109375 0.03984375 0.02890625
7 0.4234375 0.5625 0.03828125 0.03046875
1 0.4265625 0.6109375 0.03828125 0.0296875
10 0.43125 0.659375 0.0375 0.0296875
6 0.43515625 0.70859375 0.0375 0.0296875
8 0.4390625 0.75703125 0.0375 0.02890625
5 0.44296875 0.80390625 0.0390625 0.0296875
4 0.44609375 0.85078125 0.03828125 0.0296875