9 0.5 0.5 1 1
11 0.6428835984375 0.402555059375 0.17782374375 0.42706944375000006 0.0034404765625 0.436961309375 0.0074546953125 0.46964732187499997 0.18923511875000001 0.459325396875 0.458751984375 0.4442728171875 0.858693453125 0.42295709375 0.858509590625 0.3901354171875 0.6428835984375 0.402555059375
2 0.22109375 0.44140625 0.04453125 0.028125
0 0.2890625 0.4375 0.04296875 0.02734375
3 0.3515625 0.43515625 0.04453125 0.02890625
7 0.42109375 0.43046875 0.0453125 0.0296875
1 0.48671875 0.42734375 0.04375 0.028125
10 0.55390625 0.4234375 0.04140625 0.028125
6 0.621875 0.41875 0.04453125 0.028125
8 0.690625 0.41484375 0.04296875 0.028125
5 0.7609375 0.41171875 0.04609375 0.02890625
4 0.8328125 0.40703125 0.04765625 0.02890625