9 0.5 0.5 1 1
11 0.510626653125 0.889048859375 0.5664828046875 0.891144096875 0.5706719578125 0.09288864062499999 0.5158204359375 0.0936713796875 0.510626653125 0.889048859375
2 0.5421875 0.34765625 0.04765625 0.034375
0 0.5421875 0.409375 0.04765625 0.0328125
3 0.54140625 0.46484375 0.0453125 0.034375
7 0.540625 0.5234375 0.04765625 0.03515625
1 0.54140625 0.58125 0.046875 0.03671875
10 0.5390625 0.63828125 0.046875 0.0328125
6 0.5390625 0.69609375 0.046875 0.03515625
8 0.53984375 0.75390625 0.04609375 0.03671875
5 0.5390625 0.81328125 0.04609375 0.03046875
4 0.5390625 0.8703125 0.04609375 0.034375