9 0.5 0.5 1 1
11 0.1906888234375 0.7694241078124999 0.2339454359375 0.7737497515625 0.342597884375 0.21768278749999997 0.311085978125 0.21493055625 0.1906888234375 0.7694241078124999
4 0.21640625 0.75390625 0.0375 0.0328125
5 0.22734375 0.70234375 0.03359375 0.0296875
8 0.2375 0.65390625 0.03125 0.03046875
6 0.2484375 0.609375 0.03203125 0.02890625
10 0.2578125 0.565625 0.03125 0.028125
1 0.265625 0.5234375 0.03046875 0.02734375
7 0.275 0.4828125 0.03046875 0.0265625
3 0.28203125 0.44375 0.03125 0.02578125
0 0.28984375 0.40703125 0.02890625 0.025
2 0.29765625 0.37109375 0.0296875 0.02421875