9 0.5 0.5 1 1
11 0.48320767187499997 0.8891775796875001 0.5271031749999999 0.8891775796875001 0.5116104499999999 0.1898874015625 0.46761045 0.1911686515625 0.48320767187499997 0.8891775796875001
2 0.4953125 0.41484375 0.04140625 0.03046875
0 0.4953125 0.465625 0.0421875 0.03046875
3 0.49765625 0.51484375 0.04375 0.03359375
7 0.49921875 0.5671875 0.0421875 0.03359375
1 0.5 0.615625 0.0421875 0.03359375
10 0.50078125 0.6671875 0.0421875 0.03359375
6 0.5015625 0.71640625 0.0421875 0.03359375
8 0.503125 0.76875 0.0421875 0.03359375
5 0.50390625 0.81953125 0.0421875 0.03359375
4 0.5046875 0.871875 0.0421875 0.03359375