9 0.5 0.5 1 1
11 0.8076798937499999 0.241630953125 0.6427440468750001 0.25358878906250004 0.49265244687500004 0.26472197343750004 0.0494259265625 0.2935858140625 0.0010995375 0.298121528125 0.0010995375 0.3368814484375 0.1880267859375 0.32409895781250003 0.5541845234375 0.30018328437499997 0.9572185843750001 0.2712266859375 0.9583210984375 0.22926091249999997 0.8076798937499999 0.241630953125
2 0.22734375 0.30234375 0.0421875 0.03515625
0 0.30390625 0.29765625 0.0421875 0.0359375
3 0.38203125 0.29296875 0.04296875 0.03515625
7 0.4609375 0.28671875 0.04375 0.0375
1 0.5375 0.28203125 0.04609375 0.03515625
10 0.61484375 0.27578125 0.04453125 0.03671875
6 0.69375 0.2703125 0.0453125 0.03515625
8 0.77109375 0.26484375 0.04765625 0.034375
5 0.8484375 0.25859375 0.046875 0.03515625
4 0.93125 0.253125 0.0484375 0.034375