9 0.5 0.5 1 1
11 0.0386464953125 0.5352735609375 0.0386464953125 0.5726592265625 0.9992949734375 0.5713397812500001 0.9987083328124999 0.532634671875 0.0386464953125 0.5352735609375
4 0.06484375 0.55390625 0.046875 0.034375
5 0.14296875 0.55390625 0.046875 0.034375
8 0.21875 0.553125 0.04453125 0.03515625
6 0.2953125 0.55234375 0.04609375 0.0328125
10 0.371875 0.55234375 0.04375 0.03515625
1 0.44765625 0.5515625 0.04609375 0.03359375
7 0.5234375 0.55234375 0.04765625 0.03515625
3 0.60078125 0.55234375 0.04765625 0.03515625
0 0.678125 0.5515625 0.0484375 0.034375
2 0.75625 0.55234375 0.04921875 0.0359375