9 0.5 0.5 1 1
11 0.8688991406250001 0.2080704359375 0.81007705 0.2108494546875 0.8063720234374999 0.332777778125 0.797108465625 0.6453521828125 0.8008138234375 0.9125317453124999 0.8059087296874999 0.9594481640625 0.8550042984375 0.9601428578125001 0.8499093921875 0.8201510421875 0.848983134375 0.686405009375 0.8540780421875 0.5154828874999999 0.86148875625 0.338349703125 0.8688991406250001 0.2080704359375
4 0.83984375 0.23359375 0.053125 0.03984375
5 0.83671875 0.3015625 0.05078125 0.0421875
8 0.834375 0.3671875 0.0515625 0.0390625
6 0.83203125 0.42890625 0.04921875 0.0359375
10 0.828125 0.490625 0.05234375 0.03671875
1 0.8265625 0.54921875 0.04921875 0.0359375
7 0.825 0.60703125 0.05 0.034375
3 0.825 0.6640625 0.04921875 0.0359375
0 0.8234375 0.71953125 0.046875 0.034375
2 0.82421875 0.77578125 0.04765625 0.0375