9 0.5 0.5 1 1
11 0.9147175921875 0.5463955859375 0.9128078703125 0.5120220734375 0.0716114421875 0.5163189484374999 0.0697017203125 0.5478278765625 0.9147175921875 0.5463955859375
2 0.25703125 0.53125 0.04296875 0.03203125
0 0.3265625 0.53125 0.04296875 0.0328125
3 0.3953125 0.53125 0.04453125 0.03359375
7 0.4640625 0.53046875 0.04453125 0.0328125
1 0.53203125 0.53046875 0.04453125 0.034375
10 0.603125 0.53046875 0.04375 0.034375
6 0.67265625 0.5296875 0.0453125 0.03359375
8 0.74296875 0.5296875 0.04765625 0.034375
5 0.81484375 0.5296875 0.046875 0.034375
4 0.88828125 0.5296875 0.04765625 0.03359375