9 0.5 0.5 1 1
11 0.8309146828125 0.8541391375 0.8211663359375001 0.6692046125 0.8062566140625 0.20081299531250002 0.758661375 0.207694196875 0.769556546875 0.8562894343749999 0.8309146828125 0.8541391375
4 0.78203125 0.21953125 0.046875 0.02421875
5 0.78359375 0.2640625 0.04609375 0.02578125
8 0.78359375 0.3109375 0.046875 0.02578125
6 0.784375 0.359375 0.05 0.0296875
10 0.78515625 0.41015625 0.04765625 0.03046875
1 0.78671875 0.46171875 0.05234375 0.034375
7 0.7875 0.515625 0.0515625 0.0359375
3 0.78984375 0.575 0.05390625 0.0390625
0 0.78984375 0.63515625 0.05390625 0.03984375
2 0.79296875 0.6984375 0.05546875 0.04453125