9 0.5 0.5 1 1
11 0 0.6942562 0.671388228125 0.5349250984375 0.741597221875 0.5175615078125 0.7356921296875 0.490461309375 0 0.647131696875 0 0.6942562
2 0.2359375 0.61796875 0.04921875 0.03046875
0 0.31015625 0.6015625 0.0421875 0.0296875
3 0.378125 0.5859375 0.03515625 0.0296875
7 0.43828125 0.571875 0.03671875 0.028125
1 0.49453125 0.559375 0.03359375 0.02734375
10 0.54609375 0.54765625 0.0296875 0.02734375
6 0.5953125 0.5359375 0.0296875 0.02578125
8 0.64140625 0.52578125 0.02578125 0.02578125
5 0.684375 0.51640625 0.02421875 0.02421875
4 0.72578125 0.5078125 0.0203125 0.02421875