9 0.5 0.5 1 1
11 0.8123703703125 0.044606646875 0.7471865078125 0.05212524843750001 0.801829365625 0.9868062999999999 0.861508928125 0.9858841765624999 0.8123703703125 0.044606646875
2 0.8203125 0.7484375 0.0546875 0.0390625
0 0.815625 0.67890625 0.05703125 0.03984375
3 0.81171875 0.6078125 0.05703125 0.04453125
7 0.80546875 0.5328125 0.0578125 0.03984375
1 0.803125 0.46171875 0.0578125 0.03984375
10 0.79921875 0.38515625 0.05703125 0.0421875
6 0.79375 0.31015625 0.05703125 0.0421875
8 0.790625 0.23359375 0.0578125 0.04140625
5 0.7859375 0.153125 0.0546875 0.04140625
4 0.78046875 0.07421875 0.05703125 0.03984375