9 0.5 0.5 1 1
11 0.34946395468749997 0.751920634375 0.3972050265625 0.76624305625 0.596762565625 0.173915675 0.6550066140624999 0 0.5986719578125 0.0014322921875 0.34946395468749997 0.751920634375
4 0.38046875 0.740625 0.0453125 0.02578125
5 0.4 0.68046875 0.04609375 0.025
8 0.41953125 0.621875 0.0421875 0.02890625
6 0.43828125 0.56484375 0.04296875 0.02890625
10 0.45859375 0.50625 0.04375 0.0296875
1 0.47734375 0.44765625 0.04375 0.03046875
7 0.496875 0.3890625 0.04375 0.03203125
3 0.51796875 0.325 0.0453125 0.03046875
0 0.53828125 0.26328125 0.0453125 0.03359375
2 0.559375 0.2 0.0453125 0.0359375