9 0.5 0.5 1 1
11 0.9102982796875001 0.627168403125 0.9702652109375001 0.627491815625 0.9702652109375001 0.6210228171875001 0.9422232140625001 0.6038799609375001 0.6372103171875 0.6087318953125 0.47555720937499996 0.6116428578125 0.2974533734375 0.61584771875 0.0009986765625 0.6255572921875 0.0007450390625 0.647545634375 0.20696296250000001 0.6388125 0.30360085937500003 0.635578125 0.495819775 0.6310498515625 0.665093915625 0.630079365625 0.9102982796875001 0.627168403125
2 0.16171875 0.628125 0.0546875 0.01875
0 0.25859375 0.62421875 0.05859375 0.01875
3 0.35234375 0.62109375 0.059375 0.01953125
7 0.44375 0.61875 0.05703125 0.0171875
1 0.5296875 0.61796875 0.04765625 0.01875
10 0.61328125 0.61796875 0.0421875 0.01640625
6 0.69765625 0.61640625 0.0375 0.01875
8 0.775 0.61484375 0.034375 0.0171875
5 0.85390625 0.6140625 0.0296875 0.015625
4 0.93125 0.61328125 0.0234375 0.01796875