9 0.5 0.5 1 1
11 0.9292328046874999 0.37450396874999997 0.884589946875 0.3323412703125 0.009920634375 0.844494046875 0.0132275125 0.9102182546875 0.9292328046874999 0.37450396874999997
2 0.10390625 0.81953125 0.05078125 0.03515625
0 0.1890625 0.77265625 0.05859375 0.03515625
3 0.27265625 0.7234375 0.04921875 0.03984375
7 0.35859375 0.6734375 0.05703125 0.03515625
1 0.440625 0.621875 0.06015625 0.0296875
10 0.52578125 0.5734375 0.06015625 0.03046875
6 0.61015625 0.52265625 0.05546875 0.03515625
8 0.6953125 0.47421875 0.05625 0.03515625
5 0.784375 0.421875 0.059375 0.03359375
4 0.87734375 0.36953125 0.0578125 0.03828125