9 0.5 0.5 1 1
11 0 0.4796537703125 0.1049460984375 0.4789303078125 0.10703240781250001 0.4802916671875 0.154920965625 0.4796545140625 0.1577876984375 0.47806175624999997 0.178281084375 0.47758407812500003 0.18019246093750002 0.4789377484375 0.227384259375 0.47901736093749997 0.23343650781249997 0.47662847187499996 0.2508505296875 0.47670808593749997 0.253399140625 0.47925644843750004 0.30249173281249997 0.4796545140625 0.3070575390625 0.47599131874999995 0.328141203125 0.47591170624999996 0.33090178593749997 0.47853968281250003 0.33440608437499997 0.4794952875 0.3804957015625 0.4789377484375 0.3832566140625 0.477743303125 0.38410582031249996 0.47559300625 0.406039021875 0.47519494062499995 0.4081626984375 0.47822122968749997 0.460829365625 0.47750446406249997 0.4609014546875 0.4743985609375 0.48617327968749996 0.47376140937500005 0.4868101859375 0.47583209374999996 0.5402202375 0.4767876984375 0.5419193124999999 0.4747170140625 0.568069775 0.4747170140625 0.5690254625 0.47670808593749997 0.6253429234375 0.4772653765625 0.625555225 0.4740002484375 0.6525254625 0.47384102187500005 0.6531626984375001 0.4760709328125 0.6545727515624999 0.4770265375 0.7114103843749999 0.4771061515625 0.7122599203125 0.476309771875 0.7124722218749999 0.4736021828125 0.741035384375 0.47352256875 0.743796296875 0.4764689984375 0.8030271156250001 0.476230159375 0.802920965625 0.47312425625000004 0.834457340625 0.47352256875 0.838916996875 0.47567261875 0.8994943781250001 0.47559300625 0.9017242062499999 0.4742393359375 0.9028921953125 0.4728598703125 0.9071395499999999 0.44076612031250006 0.9040601859375 0.43805853125 0.650164021875 0.44044766874999997 0.47759159999999995 0.44235887968750004 0.23775396875000002 0.44458878906250004 0.08636441875 0.446936259375 0 0.44840004999999994 0 0.4796537703125
2 0.1203125 0.4640625 0.02734375 0.02890625
0 0.1953125 0.46328125 0.02890625 0.03046875
3 0.2703125 0.4640625 0.03046875 0.03046875
7 0.35 0.4625 0.03671875 0.03125
1 0.42890625 0.46171875 0.040625 0.03125
10 0.51015625 0.46015625 0.04375 0.03125
6 0.5953125 0.459375 0.05 0.0328125
8 0.68203125 0.46015625 0.05078125 0.0328125
5 0.7734375 0.459375 0.05625 0.0328125
4 0.871875 0.45859375 0.05859375 0.03203125