9 0.5 0.5 1 1
11 0.48326851875 0.6862217265624999 0.1422437171875 0.6922078375 0 0.6963204359375 0.0010327374999999999 0.7358224203125 0.4048763234375 0.7275801093750001 0.9926289687500001 0.7275801093750001 0.99045205 0.6845890375 0.6407202375 0.684044890625 0.48326851875 0.6862217265624999
2 0.1984375 0.71171875 0.05390625 0.0390625
0 0.2796875 0.71015625 0.053125 0.03828125
3 0.36015625 0.70859375 0.05234375 0.0390625
7 0.44296875 0.7078125 0.05546875 0.03984375
1 0.52578125 0.7078125 0.05546875 0.040625
10 0.60859375 0.70703125 0.0546875 0.0421875
6 0.69375 0.70625 0.05546875 0.0421875
8 0.7796875 0.70625 0.0609375 0.04375
5 0.8703125 0.70625 0.05859375 0.04140625
4 0.96171875 0.70625 0.0578125 0.04140625