9 0.5 0.5 1 1
11 0.15702215625 0.71081795625 0.18902645468749998 0.7397951390624999 0.8743578046874999 0.2355935015625 0.8349282406249999 0.204461309375 0.15702215625 0.71081795625
2 0.334375 0.6046875 0.03984375 0.02265625
0 0.384375 0.56875 0.0375 0.02421875
3 0.43359375 0.53125 0.03984375 0.02421875
7 0.48515625 0.49375 0.0390625 0.0234375
1 0.5375 0.4546875 0.0421875 0.021875
10 0.59296875 0.41484375 0.0390625 0.0265625
6 0.64921875 0.37265625 0.040625 0.02578125
8 0.70859375 0.3296875 0.03671875 0.0296875
5 0.76953125 0.28359375 0.0421875 0.0265625
4 0.83515625 0.23515625 0.04375 0.02734375