9 0.5 0.5 1 1
11 0.2337529765625 0.7728561515625 0.33542757968750003 0.6936579859374999 0.43196263281249997 0.61929761875 0.546619046875 0.5303578875 0.69123545 0.4187006453125 0.8054279093750001 0.331344990625 0.80461045 0.32950595312500003 0.7627638890624999 0.29922420625 0.75998511875 0.29922420625 0.7140515875 0.335390625 0.7147056875 0.33637152812500004 0.6919841265625 0.354393353125 0.6906765874999999 0.35353521875 0.64686805625 0.38773983125 0.645233465625 0.39006919687499997 0.627317790625 0.40522470312500003 0.6260102515625 0.404244046875 0.5836732796875 0.4379583328125 0.5848174609375001 0.43918427656250003 0.566836309375 0.452792659375 0.56487466875 0.45242485156249995 0.5244993390625 0.484177828125 0.5246626984375 0.4862619046875 0.5061259921875 0.5005443953125 0.4667311515625 0.5313164687499999 0.44924074062499997 0.545537946875 0.44776951093750006 0.5449248515625 0.40853802968749997 0.5763296125 0.40853802968749997 0.5779233625 0.3929143515625 0.5903717765625001 0.391116071875 0.5896361609375 0.3538465609375 0.6201631937500001 0.3510674609375 0.6223697921875 0.3365195109375 0.633648809375 0.3342308203125 0.6335262890625 0.2979417984375 0.6635627484375 0.2981054890625 0.6651564984375 0.28413260625 0.6750255453125 0.281843915625 0.6752708328125 0.2296990734375 0.717321925 0.1956660046875 0.7444134421874999 0.08360648125 0.8332676093750001 0.0971481484375 0.8392289187499999 0.1086296296875 0.8465148812500001 0.11657804218750001 0.8560089281250001 0.1209937171875 0.8593209328125001 0.2337529765625 0.7728561515625
2 0.234375 0.7453125 0.04140625 0.025
0 0.28203125 0.70390625 0.0359375 0.02734375
3 0.3359375 0.6640625 0.03671875 0.02734375
7 0.39140625 0.61953125 0.03671875 0.03125
1 0.44765625 0.57578125 0.03984375 0.0296875
10 0.50703125 0.53125 0.04296875 0.0296875
6 0.56484375 0.484375 0.04140625 0.03046875
8 0.6265625 0.43671875 0.04296875 0.0296875
5 0.6921875 0.3859375 0.046875 0.03046875
4 0.76015625 0.3328125 0.04375 0.03203125