9 0.5 0.5 1 1
11 0.5459808203125001 0.5452162703125001 0.3899864421875 0.557451140625 0.21716898125 0.5723623515625 0.11215310781250001 0.5823033234375 0.1090942453125 0.606008184375 0.44198445781249995 0.57924454375 0.6632318125000001 0.5635687 0.8380882937499999 0.5505689484375 0.8319709 0.5230406750000001 0.5459808203125001 0.5452162703125001
2 0.31953125 0.57578125 0.028125 0.02265625
0 0.36875 0.57265625 0.0265625 0.0234375
3 0.41640625 0.56796875 0.025 0.0234375
7 0.46796875 0.5640625 0.025 0.0234375
1 0.521875 0.56015625 0.028125 0.02421875
10 0.57421875 0.55703125 0.03203125 0.0234375
6 0.63046875 0.55234375 0.034375 0.025
8 0.6875 0.54765625 0.034375 0.025
5 0.75 0.54296875 0.0359375 0.02421875
4 0.8140625 0.53828125 0.03515625 0.0234375