9 0.5 0.5 1 1
11 0.38657804218749997 0.4953908734375 0.4701587296875 0.48858556562500005 0.5544887562499999 0.482129215625 0.6389441140625001 0.47654538750000003 0.6974163359375 0.4721830359375 0.7234742062499999 0.4697400796875 0.7260334 0.4702633921875 0.7828022484375 0.4659010421875 0.8069057546874999 0.46345833281250004 0.8096977515624999 0.46450520781250004 0.8967126328124999 0.4571763390625 0.8997371031249999 0.45769990156249996 0.9563525125 0.45298859062499996 0.960075065625 0.44949851250000006 0.9570505953125 0.41124925625 0.9512341265625001 0.40967881874999995 0.5215347218749999 0.4426584828125 0.2947192453125 0.4592353671875 0.12214649531249999 0.47253199375 0.00069808125 0.4814313 0.00069808125 0.5238333328125 0.12935879687500002 0.5144107140624999 0.2989679234375 0.501498015625 0.3025879625 0.502021578125 0.38657804218749997 0.4953908734375
2 0.15546875 0.49140625 0.04921875 0.0375
0 0.24453125 0.484375 0.05078125 0.03828125
3 0.328125 0.47890625 0.05078125 0.03828125
7 0.4125 0.47265625 0.0484375 0.03828125
1 0.496875 0.46640625 0.04921875 0.03828125
10 0.58125 0.46015625 0.0484375 0.0390625
6 0.66640625 0.453125 0.05234375 0.0359375
8 0.75234375 0.44765625 0.05078125 0.0375
5 0.83984375 0.43984375 0.05390625 0.03828125
4 0.92734375 0.43359375 0.0546875 0.03828125