9 0.5 0.5 1 1
11 0.7903439156250001 0.908978175 0.821759259375 0.133928571875 0.7671957671875 0.133928571875 0.7457010578125 0.9077380953124999 0.7903439156250001 0.908978175
2 0.77578125 0.74296875 0.05546875 0.03984375
0 0.77734375 0.68046875 0.05703125 0.040625
3 0.7796875 0.61796875 0.0578125 0.04140625
7 0.78125 0.55390625 0.05859375 0.03984375
1 0.7828125 0.490625 0.05703125 0.0421875
10 0.784375 0.4265625 0.0578125 0.040625
6 0.7875 0.36171875 0.05703125 0.0421875
8 0.790625 0.29609375 0.05859375 0.04296875
5 0.79375 0.228125 0.05703125 0.04140625
4 0.796875 0.1578125 0.0578125 0.04140625