9 0.5 0.5 1 1
11 0.4861111109375 0.952380953125 0.5489417984375 0.9511408734375 0.537367725 0.07688492031250001 0.459656084375 0.078125 0.4861111109375 0.952380953125
2 0.51484375 0.840625 0.06328125 0.046875
0 0.51328125 0.76875 0.06640625 0.05078125
3 0.5109375 0.69453125 0.0671875 0.05
7 0.51015625 0.61796875 0.06796875 0.05234375
1 0.50859375 0.54140625 0.0703125 0.053125
10 0.50625 0.4609375 0.06796875 0.05
6 0.50390625 0.378125 0.0703125 0.05546875
8 0.50078125 0.29375 0.07265625 0.06015625
5 0.5 0.2046875 0.071875 0.05859375
4 0.496875 0.10859375 0.075 0.06015625