9 0.5 0.5 1 1
11 0.1984292328125 0.75069146875 0.2505135578125 0.7498422625 0.2522119703125 0.7487807546874999 0.2748571421875 0.7487807546874999 0.27825396874999997 0.7496299609375 0.32750760625 0.7494176593749999 0.3317536375 0.74750694375 0.35128505312499997 0.7472946421875 0.3526881609375 0.7491899796875 0.4047123015625 0.7473373015625 0.4074732140625 0.746029265625 0.4297070109375 0.74570238125 0.4340667984375 0.7472281749999999 0.48423644218749995 0.745484375 0.5626299609375 0.7440674609375 0.5649550265625 0.7426505453125001 0.5866074734375 0.742759671875 0.58820601875 0.7443945937499999 0.6413227515625 0.7430865578125 0.6413227515625 0.7421056546875 0.6664629625 0.7423236609375 0.66951488125 0.74352256875 0.7258313484375 0.7430865578125 0.7255410046875 0.741451884375 0.7492278437500001 0.7411247515625 0.751552909375 0.742759671875 0.8079365078125 0.7418876484375 0.8077913359375 0.7402529765625 0.8299404765625 0.7402529765625 0.8369160046875 0.7423236609375 0.8912652109374999 0.7412338796875 0.8943167984375 0.7397080859375 0.91713194375 0.7394900796874999 0.9220056218750001 0.7413427578125 0.9743204359375 0.7402529765625 0.9786798937500001 0.737855159375 0.9772268515625001 0.701110615625 0.9737390874999999 0.6983859125 0.5859566796875 0.7027455359375 0.351516865625 0.70743204375 0.1984292328125 0.7116282234375 0.0217744703125 0.7161029265625001 0.024223875 0.7261054062500001 0.02449603125 0.73651636875 0.022590939062500003 0.7475396828124999 0.0195968921875 0.752847221875 0.1984292328125 0.75069146875
2 0.22421875 0.73046875 0.04921875 0.0359375
0 0.303125 0.72890625 0.05234375 0.0375
3 0.378125 0.728125 0.0515625 0.03984375
7 0.45703125 0.725 0.053125 0.03828125
1 0.53515625 0.725 0.05078125 0.03828125
10 0.6140625 0.72265625 0.05 0.03828125
6 0.6953125 0.72265625 0.05234375 0.03828125
8 0.77734375 0.721875 0.0515625 0.03984375
5 0.8625 0.72109375 0.05234375 0.03984375
4 0.94921875 0.7203125 0.05234375 0.0375