9 0.5 0.5 1 1
11 0.3586061515625 0.1506984125 0.3086292984375 0.157460565625 0.5127929890625 0.720087053125 0.5895429890624999 0.9367951390625 0.6544890875 0.9229677578125 0.630700396875 0.8608435015625 0.3586061515625 0.1506984125
4 0.61171875 0.90234375 0.05546875 0.03828125
5 0.58203125 0.82578125 0.05234375 0.040625
8 0.5546875 0.74921875 0.053125 0.03359375
6 0.53203125 0.68046875 0.04375 0.040625
10 0.50703125 0.61484375 0.04765625 0.03515625
1 0.484375 0.5515625 0.04453125 0.03515625
7 0.46171875 0.4921875 0.04375 0.034375
3 0.4390625 0.43359375 0.046875 0.03203125
0 0.41875 0.37734375 0.0421875 0.0296875
2 0.39921875 0.325 0.0421875 0.0296875