9 0.5 0.5 1 1
11 0.9139057546875 0.889116815625 0.91843353125 0.8449724703125 0.001509259375 0.771398065625 0.001509259375 0.8144107140625 0.9139057546875 0.889116815625
2 0.16875 0.80703125 0.04453125 0.03984375
0 0.24765625 0.81328125 0.04453125 0.03984375
3 0.3234375 0.81953125 0.04453125 0.03984375
7 0.40703125 0.825 0.04453125 0.03984375
1 0.48359375 0.83046875 0.04453125 0.03984375
10 0.5625 0.83671875 0.04453125 0.03984375
6 0.64453125 0.84453125 0.04453125 0.03984375
8 0.7234375 0.8515625 0.04453125 0.03984375
5 0.80546875 0.8578125 0.04453125 0.03984375
4 0.88828125 0.86484375 0.04453125 0.03984375