9 0.5 0.5 1 1
11 0.9394662703125001 0.5889186515625 0.9394662703125001 0.5471768359375 0.007604496875 0.54561483125 0.006478835937499999 0.586498759375 0.9394662703125001 0.5889186515625
2 0.17578125 0.565625 0.04921875 0.0390625
0 0.25546875 0.56484375 0.04921875 0.0390625
3 0.334375 0.56640625 0.04921875 0.0390625
7 0.41875 0.5671875 0.04921875 0.0390625
1 0.49921875 0.56796875 0.04921875 0.0390625
10 0.5796875 0.56640625 0.04921875 0.0390625
6 0.66171875 0.56640625 0.04921875 0.0390625
8 0.74375 0.56796875 0.04921875 0.0390625
5 0.8265625 0.5671875 0.04921875 0.0390625
4 0.91171875 0.5671875 0.04921875 0.0390625