9 0.5 0.5 1 1
11 0.7631564156249999 0.545678571875 0.85834193125 0.5427884421875 0.9477966265625 0.5395 0.9273224203125 0.5121517859375 0.6767493390625 0.5193774796875 0.5098859124999999 0.523423859375 0.24704298906250002 0.5323834328125 0.14566832031250002 0.5364298109375001 0.0339123671875 0.5422103171875 0.0007708328125000001 0.5445225687499999 0.00006944374999999999 0.5731359125 0.2374857796875 0.5618640874999999 0.431725859375 0.554060515625 0.60592691875 0.5491470734375 0.7631564156249999 0.545678571875
2 0.09609375 0.55234375 0.0453125 0.025
0 0.1890625 0.54609375 0.046875 0.025
3 0.28046875 0.5421875 0.05078125 0.025
7 0.3734375 0.53828125 0.053125 0.025
1 0.4609375 0.5359375 0.05625 0.0265625
10 0.54921875 0.534375 0.053125 0.0265625
6 0.640625 0.53046875 0.053125 0.025
8 0.728125 0.528125 0.040625 0.02734375
5 0.81640625 0.528125 0.03984375 0.025
4 0.90859375 0.525 0.03671875 0.025