9 0.5 0.5 1 1
11 0.258977678125 0.9629014546875 0.28831175625 0.970723875 0.326252728125 0.565742725 0.369634425 0.07210449687500001 0.3414067453125 0.0693313484375 0.289887896875 0.6348902109375001 0.258977678125 0.9629014546875
4 0.353125 0.0921875 0.02578125 0.03828125
5 0.34765625 0.15703125 0.02578125 0.03828125
8 0.34140625 0.21953125 0.0265625 0.0390625
6 0.33671875 0.28125 0.02578125 0.0390625
10 0.33203125 0.34296875 0.0265625 0.03984375
1 0.32578125 0.4046875 0.02578125 0.03984375
7 0.31953125 0.46796875 0.02578125 0.03984375
3 0.3140625 0.53125 0.02734375 0.04140625
0 0.3078125 0.59453125 0.02578125 0.0390625
2 0.30234375 0.65859375 0.025 0.0421875