9 0.5 0.5 1 1
11 0.8650667984375 0.4590297625 0.8574282406249999 0.43038516875 0.1031207015625 0.582917659375 0.1050300921875 0.6237361109374999 0.8650667984375 0.4590297625
2 0.32890625 0.55703125 0.04453125 0.02734375
0 0.39921875 0.5421875 0.040625 0.02890625
3 0.46484375 0.528125 0.03984375 0.02890625
7 0.528125 0.51484375 0.0359375 0.028125
1 0.58671875 0.50234375 0.0359375 0.0265625
10 0.6421875 0.490625 0.03203125 0.0265625
6 0.696875 0.47890625 0.03046875 0.02734375
8 0.74765625 0.46875 0.03046875 0.0265625
5 0.79609375 0.45859375 0.0296875 0.02578125
4 0.84453125 0.4484375 0.02890625 0.025