9 0.5 0.5 1 1
11 0.755165675 0.8230267859374999 0.8141068125 0.8244615578125 0.8225171953125001 0.410743303125 0.832906415625 0.118927828125 0.778486771875 0.1204114578125 0.7626557546875 0.49040005000000003 0.755165675 0.8230267859374999
4 0.80625 0.140625 0.0484375 0.03515625
5 0.80390625 0.203125 0.04921875 0.03828125
8 0.8 0.26484375 0.05234375 0.03515625
6 0.79765625 0.3265625 0.05078125 0.03828125
10 0.79453125 0.3890625 0.0515625 0.0375
1 0.7921875 0.45078125 0.05390625 0.0390625
7 0.78984375 0.51328125 0.05234375 0.040625
3 0.78984375 0.5765625 0.053125 0.040625
0 0.7890625 0.6421875 0.05 0.04140625
2 0.78671875 0.7078125 0.0515625 0.04140625