9 0.5 0.5 1 1
11 0.47917013906249994 0.4684365078125 0.666575396875 0.7100171953125 0.8023122515625 0.8722357796875 0.8232490078125 0.8487695109375 0.45459375 0.38696693125000003 0.2848764875 0.164546296875 0.2771540171875 0.2090631609375 0.3525974703125 0.30607506562500003 0.47917013906249994 0.4684365078125
4 0.29296875 0.2046875 0.02421875 0.02421875
5 0.33359375 0.2609375 0.01640625 0.028125
8 0.37578125 0.31484375 0.01640625 0.03203125
6 0.41796875 0.3703125 0.015625 0.03125
10 0.4625 0.4234375 0.01640625 0.03046875
1 0.50703125 0.48515625 0.01640625 0.0328125
7 0.55234375 0.5421875 0.02109375 0.0296875
3 0.60078125 0.60546875 0.02109375 0.02734375
0 0.65 0.66328125 0.021875 0.02890625
2 0.703125 0.72890625 0.0234375 0.0296875