9 0.5 0.5 1 1
11 0.042939153125000004 0.2088812 0.0423429234375 0.236612846875 0.48604795 0.2460057046875 0.862016203125 0.24925471250000003 0.8575393515625 0.223941715625 0.7015291 0.2234250984375 0.042939153125000004 0.2088812
2 0.33984375 0.22890625 0.03828125 0.0265625
0 0.39921875 0.2296875 0.0375 0.025
3 0.45703125 0.23046875 0.03671875 0.02578125
7 0.51484375 0.23203125 0.03671875 0.02578125
1 0.5703125 0.2328125 0.034375 0.025
10 0.625 0.234375 0.03359375 0.025
6 0.68046875 0.234375 0.0328125 0.02421875
8 0.73359375 0.23515625 0.0328125 0.02421875
5 0.78828125 0.23515625 0.0296875 0.0234375
4 0.84140625 0.2359375 0.0296875 0.0234375