9 0.5 0.5 1 1
11 0.7172827374999999 0.0684365078125 0.7106841937499999 0.0709109625 0.000942790625 0.8501542656250001 0.0004712296875 0.9523563984375001 0.7719563484374999 0.104139384375 0.7747843921875 0.09883705312499999 0.7710138890625 0.0953020828125 0.721053240625 0.0691436015625 0.7172827374999999 0.0684365078125
2 0.1453125 0.7421875 0.06328125 0.040625
0 0.2125 0.66875 0.06796875 0.03671875
3 0.28046875 0.59453125 0.06796875 0.034375
7 0.34609375 0.521875 0.0625 0.0359375
1 0.4109375 0.4515625 0.0609375 0.03828125
10 0.4734375 0.38046875 0.0578125 0.03359375
6 0.53671875 0.31171875 0.06015625 0.0296875
8 0.5984375 0.2421875 0.05859375 0.03671875
5 0.66015625 0.17265625 0.06015625 0.0328125
4 0.725 0.10390625 0.0546875 0.034375