9 0.5 0.5 1 1
11 0.31929596562499996 0.7605047125 0.10772189218749999 0.769212796875 0.10965707656250001 0.80259375 0.4566898140625 0.787596478125 0.8862880296875 0.7730830859375 0.8817724874999999 0.7401857640625 0.51151851875 0.7527641375 0.31929596562499996 0.7605047125
2 0.29375 0.77890625 0.0421875 0.03046875
0 0.3578125 0.77578125 0.0421875 0.0296875
3 0.42109375 0.77265625 0.0421875 0.03125
7 0.4859375 0.76953125 0.04140625 0.03046875
1 0.54921875 0.76796875 0.040625 0.03203125
10 0.6109375 0.765625 0.0390625 0.03125
6 0.67421875 0.7640625 0.03984375 0.03203125
8 0.7359375 0.76171875 0.0390625 0.03203125
5 0.796875 0.759375 0.03828125 0.0296875
4 0.8625 0.75703125 0.0390625 0.03125