9 0.5 0.5 1 1
11 0.1982232140625 0.8461510421874999 0.2507255296875 0.8461510421874999 0.26439351875 0.1665553078125 0.21349768593750001 0.1653365578125 0.1982232140625 0.8461510421874999
2 0.22734375 0.7125 0.05 0.0390625
0 0.22890625 0.6546875 0.05078125 0.03828125
3 0.23125 0.596875 0.0515625 0.0390625
7 0.2328125 0.5390625 0.05078125 0.0390625
1 0.23515625 0.48125 0.05078125 0.03828125
10 0.2359375 0.4234375 0.05078125 0.03828125
6 0.23671875 0.3640625 0.0515625 0.03828125
8 0.2375 0.30625 0.0515625 0.0390625
5 0.23828125 0.246875 0.05 0.03984375
4 0.2375 0.18515625 0.0484375 0.03984375