9 0.5 0.5 1 1
11 0.5730122359375 0.5729866078125 0.3310952375 0.7372356156250001 0.0814877640625 0.9078251484375001 0.11034821406249999 0.943476190625 0.2903002640625 0.8136049109375 0.5551868390625 0.6314670140625 0.8191732796875 0.454574653125 0.7818247359375 0.43865922656249995 0.5730122359375 0.5729866078125
2 0.23828125 0.82421875 0.03671875 0.028125
0 0.309375 0.77421875 0.03671875 0.028125
3 0.37890625 0.7265625 0.03671875 0.028125
1 0.509375 0.63828125 0.034375 0.025
10 0.5671875 0.60078125 0.03203125 0.02421875
6 0.62421875 0.5609375 0.03203125 0.02421875
8 0.67890625 0.525 0.0296875 0.02265625
5 0.7296875 0.4921875 0.03203125 0.02421875
4 0.78125 0.45703125 0.03203125 0.01953125
7 0.446875 0.68125 0.034375 0.02734375