9 0.5 0.5 1 1
11 0.12378273749999999 0.528568453125 0.9996693125 0.5302886906250001 0.9990142203125 0.4948380453125 0.12378273749999999 0.49072147812500005 0.12378273749999999 0.528568453125
2 0.8109375 0.51171875 0.0453125 0.03515625
4 0.15078125 0.509375 0.05 0.03671875
5 0.228125 0.509375 0.04921875 0.0359375
8 0.3046875 0.51015625 0.046875 0.03515625
6 0.37890625 0.509375 0.0484375 0.0359375
10 0.45234375 0.51015625 0.04765625 0.03515625
1 0.525 0.5109375 0.0484375 0.0359375
7 0.59765625 0.51015625 0.046875 0.03515625
3 0.66953125 0.5109375 0.04609375 0.0359375
0 0.73984375 0.51171875 0.046875 0.03515625