9 0.5 0.5 1 1
11 0.5025962296875 0.9918514390625001 0.5532420640625 0.993002728125 0.5609156750000001 0.14677579375 0.505853175 0.145237103125 0.5025962296875 0.9918514390625001
4 0.53359375 0.1671875 0.053125 0.0421875
5 0.5328125 0.2328125 0.05078125 0.03828125
8 0.5328125 0.296875 0.0515625 0.040625
6 0.53046875 0.359375 0.053125 0.04375
10 0.53046875 0.421875 0.0515625 0.03984375
1 0.5296875 0.4828125 0.04921875 0.03984375
7 0.5296875 0.54375 0.0515625 0.0390625
3 0.528125 0.60625 0.0515625 0.0390625
0 0.528125 0.66640625 0.05078125 0.0390625
2 0.528125 0.72734375 0.05078125 0.040625