9 0.5 0.5 1 1
11 0.9713921953125 0.2027279265625 0.6880929234375001 0.20370262968750003 0.4164890875 0.20418997968750002 0.1532546296875 0.2012661203125 0.001299603125 0.2022408234375 0.0019494046875000001 0.24853670625 0.1500968921875 0.2480493546875 0.3320320765625 0.24902405781249998 0.6068716937499999 0.2504861109375 0.9733416 0.24902405781249998 0.9713921953125 0.2027279265625
2 0.10703125 0.225 0.05234375 0.04375
0 0.196875 0.225 0.05390625 0.04609375
3 0.28359375 0.22578125 0.0515625 0.04609375
7 0.37734375 0.225 0.05703125 0.0453125
1 0.46875 0.2265625 0.05625 0.04609375
10 0.56015625 0.2265625 0.05703125 0.04609375
6 0.6546875 0.2265625 0.05703125 0.04609375
8 0.74765625 0.2265625 0.0578125 0.04609375
5 0.84140625 0.225 0.05703125 0.046875
4 0.94140625 0.22578125 0.05703125 0.04453125