9 0.5 0.5 1 1
11 0.030858796875 0.5745776296875 0.0187837296875 0.600740575 0.2938296953125 0.5846403765625 0.8855003312499999 0.55445238125 0.878791996875 0.523761409375 0.7426107796875 0.5318115078125001 0.030858796875 0.5745776296875
2 0.27265625 0.57265625 0.03203125 0.025
0 0.32890625 0.56875 0.0328125 0.02578125
3 0.3875 0.56484375 0.0359375 0.02421875
7 0.44765625 0.56171875 0.03828125 0.02578125
1 0.509375 0.55859375 0.0390625 0.02734375
10 0.57265625 0.55625 0.04140625 0.02734375
6 0.6390625 0.55078125 0.04375 0.02734375
8 0.7078125 0.54765625 0.046875 0.028125
5 0.778125 0.54453125 0.0453125 0.02734375
4 0.85703125 0.540625 0.04765625 0.0296875