9 0.5 0.5 1 1
11 0.05918353125 0.7986068953125 0.0947046953125 0.8277311515625 0.7421292984375001 0.42284176562500003 0.8262728171875 0.372023065625 0.7947053578125 0.3420967265625 0.5111405421875 0.5159717265625 0.05918353125 0.7986068953125
2 0.23828125 0.7125 0.040625 0.03203125
0 0.303125 0.671875 0.03828125 0.03046875
3 0.36875 0.63125 0.0375 0.0296875
7 0.434375 0.590625 0.03515625 0.02890625
1 0.49609375 0.55234375 0.0359375 0.0296875
10 0.55625 0.51328125 0.0359375 0.02890625
6 0.6171875 0.4765625 0.0328125 0.02890625
8 0.675 0.43984375 0.034375 0.02890625
5 0.734375 0.403125 0.03125 0.028125
4 0.7921875 0.36796875 0.0328125 0.02734375