9 0.5 0.5 1 1
11 0.8191223546874999 0.5729739578124999 0.8233664015625 0.8875168656250001 0.8242152781250001 0.973397321875 0.875145171875 0.9721242562500001 0.8776917984375 0.764584821875 0.8725985453125 0.514379215625 0.8692033734375 0.2241041671875 0.81402943125 0.22537747968750002 0.8191223546874999 0.5729739578124999
4 0.84296875 0.2453125 0.053125 0.0375
5 0.84296875 0.30703125 0.0515625 0.03828125
8 0.84296875 0.365625 0.05078125 0.03671875
6 0.84375 0.425 0.053125 0.0375
10 0.84453125 0.48515625 0.05234375 0.03828125
1 0.8453125 0.5453125 0.053125 0.0390625
7 0.84609375 0.60625 0.053125 0.04140625
3 0.8484375 0.66796875 0.053125 0.04140625
0 0.85 0.73046875 0.0546875 0.0421875
2 0.85 0.7921875 0.0515625 0.040625