9 0.5 0.5 1 1
11 0.833211640625 0.5127619046875 0.7590796953125001 0.53844618125 0.6079953703125 0.5876996531249999 0.43014318749999997 0.6471763390625 0.275042659375 0.703690971875 0.182847221875 0.7390079359375 0.2038892203125 0.7618638390625 0.384358465625 0.690455109375 0.5447414015625001 0.63272271875 0.6797099875 0.5852822421874999 0.8686660046875 0.5215248015625 0.833211640625 0.5127619046875
2 0.33046875 0.69609375 0.02734375 0.02421875
0 0.409375 0.6671875 0.02890625 0.0203125
3 0.47578125 0.63984375 0.02578125 0.01796875
7 0.540625 0.61875 0.0296875 0.01796875
1 0.59921875 0.6 0.02890625 0.01484375
10 0.653125 0.58125 0.02734375 0.01484375
6 0.70390625 0.5640625 0.02578125 0.01328125
8 0.75 0.5484375 0.0234375 0.01328125
5 0.7984375 0.53515625 0.028125 0.01171875
4 0.83984375 0.52109375 0.02734375 0.01015625