9 0.5 0.5 1 1
11 0.48633267187499996 0.9204422125 0.54498148125 0.9183469734375 0.5310171953125 0.155709325 0.474491071875 0.15566493125 0.48633267187499996 0.9204422125
4 0.50390625 0.17890625 0.05390625 0.04296875
5 0.5046875 0.24375 0.05390625 0.04296875
8 0.50703125 0.31015625 0.05390625 0.04296875
6 0.50703125 0.37578125 0.05390625 0.04296875
10 0.50859375 0.4421875 0.05390625 0.04296875
1 0.50859375 0.5078125 0.05390625 0.04296875
7 0.5109375 0.571875 0.05390625 0.04296875
3 0.51015625 0.63984375 0.05390625 0.04296875
0 0.51171875 0.7046875 0.05390625 0.04296875
2 0.5140625 0.77421875 0.05390625 0.04296875