9 0.5 0.5 1 1
11 0.999660384375 0.6099692453125 0.9991091265625001 0.574818453125 0.5699884265625 0.5715101687499999 0.0886296296875 0.568615575 0.08807804218750001 0.6041798109375 0.7156974203125 0.6062475203125001 0.999660384375 0.6099692453125
4 0.1125 0.58671875 0.04453125 0.0328125
5 0.1859375 0.5875 0.04296875 0.034375
8 0.2578125 0.5875 0.04296875 0.0328125
6 0.3265625 0.58671875 0.0421875 0.0328125
10 0.396875 0.5875 0.04140625 0.0328125
1 0.46796875 0.58828125 0.04453125 0.03359375
7 0.5359375 0.5875 0.04453125 0.0328125
3 0.60625 0.5890625 0.04375 0.0328125
0 0.67578125 0.5890625 0.04453125 0.03359375
2 0.746875 0.58984375 0.0453125 0.03203125