9 0.5 0.5 1 1
11 0.49155687812500004 0.9357013890625 0.5569084 0.9367906749999999 0.54964715625 0.1120525796875 0.4911474875 0.11048710312500001 0.49155687812500004 0.9357013890625
4 0.52109375 0.13515625 0.059375 0.04296875
5 0.51953125 0.209375 0.06015625 0.04375
8 0.5203125 0.28203125 0.0609375 0.04765625
6 0.52109375 0.353125 0.05859375 0.046875
10 0.5234375 0.42734375 0.059375 0.0453125
1 0.521875 0.49765625 0.06015625 0.04609375
7 0.52265625 0.56953125 0.0609375 0.04609375
3 0.5234375 0.6421875 0.059375 0.0453125
0 0.52265625 0.715625 0.06015625 0.0453125
2 0.52421875 0.79296875 0.0609375 0.046875