9 0.5 0.5 1 1
11 0.47198545000000003 0.9653752484375 0.5285327375 0.9653752484375 0.5285327375 0.0663258921875 0.47342724843750006 0.0667306546875 0.47198545000000003 0.9653752484375
4 0.4984375 0.090625 0.053125 0.04140625
5 0.49921875 0.16015625 0.0546875 0.040625
8 0.5 0.23046875 0.05234375 0.03828125
6 0.5 0.2984375 0.05234375 0.04375
10 0.49921875 0.36484375 0.0515625 0.04140625
1 0.49921875 0.4328125 0.0515625 0.03984375
7 0.50078125 0.49921875 0.05234375 0.03984375
3 0.49921875 0.565625 0.05 0.03828125
0 0.49921875 0.634375 0.0515625 0.040625
2 0.5 0.6984375 0.05234375 0.04140625