9 0.5 0.5 1 1
11 0.87204795 0.6808732640625 0.7225433203125 0.651094990625 0.580391534375 0.6180079359375 0.44018088593750004 0.5856560015625 0.3029110453125 0.555877728125 0.1681018515625 0.5286728671875001 0.0014411375 0.4985267859375 0.0013416 0.525773809375 0.1643568125 0.5579744546875001 0.3032215609375 0.5861498015625 0.444152115625 0.6158345734374999 0.7328174609375 0.6819615578125 0.8744990078124999 0.7139603171875 0.87204795 0.6808732640625
2 0.203125 0.55 0.0359375 0.0234375
0 0.27421875 0.5640625 0.0359375 0.021875
3 0.34140625 0.578125 0.03671875 0.02421875
7 0.4125 0.59375 0.03828125 0.02421875
1 0.48125 0.609375 0.03984375 0.02265625
10 0.55234375 0.62578125 0.04375 0.02109375
6 0.6234375 0.6421875 0.046875 0.01953125
8 0.6953125 0.659375 0.04765625 0.01796875
5 0.76953125 0.67578125 0.046875 0.01953125
4 0.846875 0.69375 0.04921875 0.0203125