9 0.5 0.5 1 1
11 0.9987387562500001 0.6348266375 0.99763955 0.62905555625 0.9677635578125001 0.6136646828125001 0.91299603125 0.617925346875 0.8245049609375 0.6253454859375001 0.6673098546875 0.6352388390625 0.5024199734375 0.6480178578125 0.4062341265625 0.6562624015625 0.31224669375 0.664919146875 0.0006954359375 0.69685243125 0.0055638234375 0.7218891375 0.2072476859375 0.6984174109375 0.4254163359375 0.6797591765625 0.6007493390625 0.664506696875 0.8563508593750001 0.6463688000000001 0.9987387562500001 0.6348266375
2 0.1640625 0.69140625 0.06328125 0.01796875
0 0.26640625 0.67890625 0.06484375 0.015625
3 0.36484375 0.6671875 0.0640625 0.0171875
7 0.45859375 0.659375 0.06015625 0.0171875
1 0.54765625 0.65234375 0.0578125 0.01796875
10 0.6375 0.6484375 0.0390625 0.01953125
6 0.71953125 0.63984375 0.02734375 0.02421875
8 0.79921875 0.6328125 0.0203125 0.02109375
5 0.87890625 0.6296875 0.01640625 0.021875
4 0.95625 0.6234375 0.01640625 0.0203125