9 0.5 0.5 1 1
11 0.7858161375 0.851830109375 0.7846660046875 0.8837686015624999 0.8423422625000001 0.8835684531249999 0.859928571875 0.2943015875 0.8706054890624999 0.11326711249999999 0.8109388234375 0.1160922625 0.805286375 0.30115079375 0.7858161375 0.851830109375
2 0.81875 0.7125 0.0546875 0.04453125
0 0.821875 0.64609375 0.05703125 0.04296875
3 0.821875 0.584375 0.05625 0.0390625
7 0.8234375 0.51875 0.05546875 0.04140625
1 0.82578125 0.45546875 0.05546875 0.040625
10 0.828125 0.39140625 0.05390625 0.03984375
6 0.83125 0.328125 0.0546875 0.03984375
8 0.834375 0.26484375 0.0546875 0.040625
5 0.83828125 0.19921875 0.05390625 0.04140625
4 0.840625 0.13671875 0.05703125 0.0375