9 0.5 0.5 1 1
11 0.6775717593749999 0.53502579375 0.5202903437499999 0.55730555625 0.3514123671875 0.5801284718749999 0.10643055625 0.615993303125 0 0.6327951390625 0.000766865625 0.671420634375 0.1826911375 0.6393598703125 0.4515916 0.5996912203125 0.927626984375 0.5339389875 0.9044335312499999 0.5040515875 0.6775717593749999 0.53502579375
2 0.14296875 0.62890625 0.0546875 0.02734375
0 0.23359375 0.61484375 0.053125 0.028125
3 0.32109375 0.60078125 0.0484375 0.02578125
7 0.40703125 0.58984375 0.046875 0.028125
1 0.49140625 0.578125 0.046875 0.02578125
10 0.57265625 0.5671875 0.04375 0.02578125
6 0.65390625 0.55390625 0.03984375 0.02734375
8 0.734375 0.54453125 0.0359375 0.028125
5 0.81015625 0.53515625 0.0375 0.028125
4 0.89140625 0.52421875 0.03515625 0.028125