9 0.5 0.5 1 1
11 0.9996693125 0.7428075390625 0.9854497359375 0.6956845234375 0 0.7452876984375 0.003306878125 0.796130953125 0.9996693125 0.7428075390625
2 0.121875 0.765625 0.065625 0.04765625
0 0.22265625 0.759375 0.06484375 0.04765625
3 0.32109375 0.753125 0.065625 0.04765625
7 0.41875 0.7484375 0.06171875 0.04765625
1 0.51171875 0.74375 0.059375 0.04765625
10 0.6046875 0.73828125 0.05546875 0.04609375
6 0.69609375 0.73359375 0.05390625 0.04453125
8 0.78515625 0.72890625 0.05078125 0.0453125
5 0.87421875 0.72421875 0.04921875 0.04375
4 0.9625 0.7203125 0.04609375 0.0453125