9 0.5 0.5 1 1
11 0.2839490734375 0.1617341265625 0.22546990781249998 0.16319618125 0.2358664015625 0.285027778125 0.2430138890625 0.40880902812500003 0.2514606484375 0.5945 0.2579583328125 0.7962435515624999 0.2656941140625 0.914180059375 0.31513822812500003 0.9113015875 0.307990740625 0.751945684375 0.3047417328125 0.6413224203125 0.2988938484375 0.47024131875 0.293045965625 0.3420548109375 0.2839490734375 0.1617341265625
4 0.25703125 0.18515625 0.04921875 0.0390625
5 0.26171875 0.2515625 0.05 0.0390625
8 0.2640625 0.3140625 0.046875 0.0375
6 0.26796875 0.37578125 0.0484375 0.03828125
10 0.26953125 0.43671875 0.04921875 0.0375
1 0.2734375 0.49609375 0.046875 0.03671875
7 0.275 0.55546875 0.0484375 0.0359375
3 0.278125 0.615625 0.04921875 0.0375
0 0.2796875 0.67265625 0.04921875 0.0359375
2 0.28125 0.72890625 0.05078125 0.03671875