9 0.5 0.5 1 1
11 0 0.26375396875 0.0006203703124999999 0.3000376984375 0.166222553125 0.2879432046875 0.934728175 0.23212202343750002 0.9291458328125 0.19397792656249999 0.22829530468749998 0.2451470734375 0 0.26375396875
2 0.196875 0.26640625 0.04921875 0.03515625
0 0.2703125 0.26171875 0.04921875 0.03515625
3 0.34765625 0.25546875 0.04921875 0.03515625
7 0.4234375 0.25234375 0.04921875 0.03515625
1 0.50234375 0.24375 0.04921875 0.03515625
10 0.58046875 0.240625 0.04921875 0.03515625
6 0.65859375 0.23359375 0.04921875 0.03515625
8 0.7359375 0.2265625 0.04921875 0.03515625
5 0.81875 0.22109375 0.04921875 0.03515625
4 0.90390625 0.21484375 0.04921875 0.03515625