9 0.5 0.5 1 1
11 0.4553998015625 0.3880024796875 0.45604464218749996 0.5447477671875001 0.4548174609375 0.9149427078124999 0.49410218281249996 0.9148311015624999 0.4966825390625 0.8030773812499999 0.5024877640625001 0.5960672125 0.5076481484375 0.43686433593749996 0.5082933203125 0.3880024796875 0.4553998015625 0.3880024796875
2 0.475 0.82421875 0.040625 0.02421875
0 0.47734375 0.7859375 0.040625 0.0265625
3 0.47734375 0.74609375 0.04375 0.02734375
7 0.47890625 0.70234375 0.04453125 0.0296875
1 0.47890625 0.66015625 0.04453125 0.03046875
10 0.48046875 0.6140625 0.046875 0.03046875
6 0.48046875 0.5671875 0.046875 0.0328125
8 0.48125 0.51796875 0.04921875 0.03515625
5 0.4828125 0.4640625 0.04921875 0.0359375
4 0.48359375 0.40859375 0.05 0.0375