11 0.507894840625 0.8092626484375 0.558685515625 0.8092626484375 0.3765783734375 0.0032651296875 0.30692228906249996 0.0059861109375 0.507894840625 0.8092626484375
2 0.4 0.2484375 0.05703125 0.046875
0 0.41640625 0.3234375 0.05390625 0.04609375
3 0.43359375 0.39453125 0.0515625 0.0453125
7 0.45078125 0.4625 0.053125 0.04140625
1 0.46640625 0.521875 0.05078125 0.03671875
10 0.47734375 0.58125 0.04609375 0.0359375
6 0.49140625 0.63984375 0.04140625 0.03515625
8 0.5046875 0.69140625 0.04140625 0.03515625
5 0.51640625 0.7421875 0.04140625 0.03046875
4 0.52734375 0.79453125 0.04140625 0.03046875
9 0.5 0.5 1 1