9 0.5 0.5 1 1
11 0.738075728125 0.43539781718750004 0.7297691796875 0.405523065625 0.0009546953125 0.6416388890625 0.0009546953125 0.70465699375 0.738075728125 0.43539781718750004
2 0.1734375 0.615625 0.04609375 0.0359375
0 0.2671875 0.584375 0.0421875 0.03359375
3 0.3453125 0.55546875 0.0375 0.03046875
7 0.415625 0.53046875 0.03125 0.03203125
1 0.47890625 0.51015625 0.03203125 0.0296875
10 0.53515625 0.4890625 0.02890625 0.0296875
6 0.58984375 0.471875 0.0265625 0.02734375
8 0.6375 0.45625 0.0234375 0.02734375
5 0.68046875 0.4390625 0.01953125 0.0265625
4 0.721875 0.4265625 0.01875 0.025