9 0.5 0.5 1 1
11 0.2485208328125 0.1168120046875 0.20587533125 0.1182827375 0.2166590609375 0.732694940625 0.2597949734375 0.732694940625 0.2485208328125 0.1168120046875
4 0.228125 0.1359375 0.0421875 0.03515625
5 0.22890625 0.1890625 0.04140625 0.03359375
8 0.23125 0.2421875 0.0421875 0.03515625
6 0.23203125 0.29375 0.0421875 0.03515625
10 0.23359375 0.3453125 0.040625 0.03359375
1 0.23515625 0.39609375 0.04375 0.03359375
7 0.23515625 0.446875 0.04375 0.03125
3 0.2359375 0.49765625 0.0421875 0.03515625
0 0.23671875 0.546875 0.04140625 0.03203125
2 0.23671875 0.596875 0.03984375 0.0328125