9 0.5 0.5 1 1
11 0.8069110453125001 0.72504613125 0.5946005296875 0.733097221875 0.0023234125 0.75538516875 0.004646825 0.8059186515625001 0.3160800265625 0.7916914687500001 0.5188485453125 0.78408755 0.9996693125 0.7688799609375 0.9996693125 0.722809771875 0.8069110453125001 0.72504613125
2 0.05625 0.7796875 0.06875 0.04609375
0 0.1609375 0.77734375 0.071875 0.04453125
3 0.26328125 0.7734375 0.071875 0.046875
7 0.36875 0.7671875 0.06796875 0.04609375
1 0.46953125 0.76484375 0.06953125 0.0453125
10 0.56875 0.759375 0.06640625 0.04609375
6 0.66953125 0.75625 0.06796875 0.04765625
8 0.76796875 0.75390625 0.0671875 0.046875
5 0.8671875 0.74921875 0.06484375 0.04609375
4 0.96640625 0.74609375 0.06640625 0.04453125