9 0.5 0.5 1 1
11 0.47141335937499995 0.99895238125 0.5272691796875 0.999751984375 0.5307106484374999 0.1762251984375 0.47644576718750004 0.175004215625 0.47141335937499995 0.99895238125
4 0.503125 0.19921875 0.04921875 0.0375
5 0.50390625 0.2640625 0.04921875 0.034375
8 0.503125 0.32578125 0.04921875 0.03671875
6 0.50390625 0.3875 0.0515625 0.0375
10 0.50390625 0.45 0.05 0.0375
1 0.50234375 0.5109375 0.05078125 0.0375
7 0.503125 0.57265625 0.0515625 0.0375
3 0.50234375 0.6328125 0.04921875 0.03828125
0 0.50234375 0.69296875 0.05078125 0.0390625
2 0.5015625 0.75390625 0.0515625 0.0390625