9 0.5 0.5 1 1
11 0.378637565625 0.7886904765625 0.400132275 0.1698908734375 0.353835978125 0.17113095312499998 0.3389550265625 0.787450396875 0.378637565625 0.7886904765625
2 0.3640625 0.66875 0.04296875 0.0328125
0 0.3640625 0.61875 0.04453125 0.03359375
3 0.365625 0.56796875 0.0453125 0.034375
7 0.3671875 0.5171875 0.04453125 0.034375
1 0.36953125 0.465625 0.04375 0.034375
10 0.37109375 0.41328125 0.04453125 0.03359375
6 0.37265625 0.359375 0.04453125 0.034375
8 0.37265625 0.3046875 0.0453125 0.0359375
5 0.37421875 0.24921875 0.046875 0.03515625
4 0.37578125 0.190625 0.04609375 0.0375