9 0.5 0.5 1 1
11 0.90180489375 0.4123025796875 0.897707340625 0.3866001984375 0.8939824734374999 0.3793365578125 0.8887675265625001 0.377380953125 0.580796296875 0.38935739062499997 0.2525671296875 0.40369221250000004 0.11361111093750001 0.40927976250000003 0.0007450390625 0.41570535781249995 0.0003650796875 0.4533702875 0.5900334 0.431070684375 0.8876498015625 0.41677256875 0.8991974203125 0.41593427656250004 0.90180489375 0.4123025796875
2 0.1421875 0.428125 0.053125 0.0375
0 0.22890625 0.42578125 0.053125 0.0375
3 0.3125 0.421875 0.053125 0.0375
7 0.39375 0.41796875 0.053125 0.0375
1 0.4734375 0.41484375 0.053125 0.0375
10 0.55234375 0.41171875 0.0484375 0.03515625
6 0.6328125 0.4078125 0.053125 0.03515625
8 0.71171875 0.40546875 0.04375 0.034375
5 0.7921875 0.4015625 0.04375 0.034375
4 0.871875 0.39765625 0.0421875 0.034375