9 0.5 0.5 1 1
11 0.0344067453125 0.7858182046875 0.033935515625 0.822228175 0.2705410046875 0.82152108125 0.9050297625000001 0.8195741562500001 0.905213625 0.7830290171875001 0.5260469578125 0.7819298109374999 0.0344067453125 0.7858182046875
2 0.23046875 0.80390625 0.0515625 0.0375
0 0.30390625 0.80234375 0.0484375 0.03671875
3 0.3765625 0.80234375 0.05234375 0.0375
7 0.44921875 0.80234375 0.05078125 0.0390625
1 0.521875 0.8015625 0.0484375 0.03671875
10 0.59296875 0.80078125 0.0484375 0.0375
6 0.66484375 0.8015625 0.05078125 0.03671875
8 0.73671875 0.8015625 0.05 0.03828125
5 0.80859375 0.80078125 0.04921875 0.034375
4 0.88203125 0.8015625 0.04765625 0.03671875