9 0.5 0.5 1 1
11 0.9278455687499999 0.5389905749999999 0.8861782406250001 0.544298115625 0.885045965625 0.5468454859375 0.8666468249999999 0.54960540625 0.8649484125000001 0.5472700890625 0.8159212968749999 0.5538896328125 0.815638228125 0.55537574375 0.79610648125 0.5579233625 0.79327579375 0.5555880453125 0.7436941140625 0.561532490625 0.7428449078125 0.5647170140625 0.7244454359375 0.5666277281250001 0.7207655421875 0.5647170140625 0.670329034375 0.5710860609374999 0.6706121031250001 0.57363368125 0.64987466875 0.5766056546875 0.6459117062499999 0.575544146875 0.5958088625 0.581488590625 0.5935443125 0.5836116078125 0.573446759375 0.5861592265625 0.570333003125 0.5842485125 0.5181752640624999 0.5910421625 0.5178921953125 0.593165178125 0.49524702343750004 0.59677430625 0.4932655421875 0.5929528765625001 0.4374107140625 0.6012326390625 0.4374107140625 0.603780009375 0.41250099218749997 0.6069645343750001 0.4113687171875 0.6044169140625 0.4074057546875 0.603780009375 0.35100198437499996 0.6114228671874999 0.349020503125 0.6152442953125 0.32779067500000003 0.618853421875 0.3235446421875 0.6158812 0.264950065625 0.6260716765625001 0.262685515625 0.6281946921875 0.23579398125 0.6328650796875 0.23381249999999998 0.6305297624999999 0.1746517859375 0.638597221875 0.169273478125 0.6424186515625 0.0016984125 0.6685314984375 0.0008604499999999999 0.6983129953125 0.9623796296875 0.55788516875 0.9635119046874999 0.5547006453125001 0.93407308125 0.5392028765625 0.9278455687499999 0.5389905749999999
2 0.20234375 0.64765625 0.06015625 0.01484375
0 0.2984375 0.6328125 0.05703125 0.015625
3 0.38671875 0.61953125 0.05234375 0.0171875
7 0.4734375 0.60859375 0.04453125 0.01796875
1 0.55390625 0.59765625 0.03828125 0.01875
10 0.6328125 0.58828125 0.03359375 0.0171875
6 0.71015625 0.57734375 0.02890625 0.01953125
8 0.784375 0.56875 0.025 0.0171875
5 0.85546875 0.56015625 0.0234375 0.01875
4 0.9265625 0.55078125 0.02421875 0.0171875