9 0.5 0.5 1 1
11 0.053419642187500005 0.29153397812500004 0 0.2941463296875 0.000670965625 0.3325709328125 0.47253240781250005 0.3106510421875 0.8264907406249999 0.29153397812500004 0.82551058125 0.25403521875 0.53336375625 0.2702110609375 0.053419642187500005 0.29153397812500004
2 0.13203125 0.30703125 0.040625 0.0359375
0 0.20390625 0.303125 0.040625 0.0359375
3 0.2765625 0.30078125 0.040625 0.0359375
7 0.3515625 0.2984375 0.040625 0.0359375
1 0.42265625 0.29453125 0.040625 0.0359375
10 0.49609375 0.290625 0.040625 0.0359375
6 0.5703125 0.28671875 0.04765625 0.0359375
8 0.64453125 0.2828125 0.04765625 0.0359375
5 0.72109375 0.27890625 0.04765625 0.0359375
4 0.80078125 0.275 0.04765625 0.0359375