9 0.5 0.5 1 1
11 0.8308769843749999 0.39042038749999997 0.8161875000000001 0.3594345234375 0.044068453125000004 0.49714905781249996 0.04957705 0.5295119046875 0.8308769843749999 0.39042038749999997
2 0.20625 0.484375 0.0375 0.0265625
0 0.27265625 0.4734375 0.03671875 0.02890625
3 0.340625 0.4609375 0.03671875 0.02890625
7 0.40625 0.44921875 0.03515625 0.02890625
1 0.47109375 0.43828125 0.03828125 0.028125
10 0.53671875 0.42734375 0.0359375 0.02734375
6 0.60234375 0.4140625 0.0375 0.02734375
8 0.6671875 0.403125 0.0375 0.02734375
5 0.73203125 0.39140625 0.03671875 0.0265625
4 0.79921875 0.3796875 0.03671875 0.02734375