9 0.5 0.5 1 1
11 0.25812830625 0.8656111109375001 0.2669477515625 0.864158978125 0.2751220234375 0.8643204359375 0.28716798906249996 0.8662564484375 0.29749305625 0.8681924609375 0.3110446421875 0.8723869046875 0.3329857796875 0.6928231640625 0.3549265875 0.5100553078125001 0.375791996875 0.30890550625 0.39300066093749997 0.14600396875 0.392355159375 0.14293849218750002 0.3882681875 0.1405186015625 0.34180489375 0.1361626984375 0.3381481484375 0.13842137968749998 0.3278316796875 0.2427021328125 0.3099692453125 0.4266798109375 0.293836309375 0.5655205859375 0.2738313484375 0.7316713796875 0.25812830625 0.8656111109375001
4 0.36328125 0.16015625 0.04921875 0.0390625
5 0.35859375 0.22421875 0.04921875 0.0359375
8 0.35078125 0.28515625 0.05078125 0.03671875
6 0.34375 0.346875 0.05 0.03828125
10 0.33984375 0.40859375 0.0515625 0.03671875
1 0.334375 0.46796875 0.046875 0.0375
7 0.325 0.528125 0.05 0.03515625
3 0.31796875 0.590625 0.046875 0.03828125
0 0.31171875 0.65 0.04453125 0.0390625
2 0.30390625 0.71171875 0.0453125 0.040625