9 0.5 0.5 1 1
11 0.38657308125 0.66928819375 0.3854546953125 0.6676103671875 0.39731117656250003 0.666100446875 0.4024566796875 0.6676103671875 0.43625694375 0.6635153765624999 0.43613260625 0.6607204859375 0.45190840000000004 0.6586708828125001 0.4562562828125 0.6610932546875 0.4951365734375 0.655503471875 0.495012565625 0.653360615625 0.513396825 0.65168353125 0.5161296296875 0.652987846875 0.559233796875 0.64795709375 0.560103175 0.6460004953125 0.5768726859375 0.6438578875000001 0.579978175 0.6456279765625 0.6300383593750001 0.639292659375 0.6292933203125 0.637709078125 0.6491683203124999 0.6361252484375 0.6531431875 0.63724305625 0.7034517203124999 0.631373759375 0.70866898125 0.62978993125 0.7321464953125 0.6269950390625 0.7345066140625 0.62783358125 0.7942602515625 0.620654265625 0.795468915625 0.6182368546875 0.777338625 0.5750267859375 0.7729067453125 0.5744223703125 0.565444775 0.6033313484375 0.20421957656249998 0.6553048109375 0.122001653125 0.667469990625 0.122567790625 0.6814818953125 0.12313392812499999 0.700801090625 0.21474107187499997 0.6901530265625 0.3340009921875 0.6759995046875 0.38657308125 0.66928819375
2 0.225 0.671875 0.01875 0.02421875
0 0.26484375 0.66640625 0.02265625 0.028125
3 0.30703125 0.66015625 0.01796875 0.03046875
7 0.3578125 0.65390625 0.0203125 0.03125
1 0.41015625 0.64609375 0.021875 0.03046875
10 0.46640625 0.63828125 0.02578125 0.03359375
6 0.525 0.63203125 0.028125 0.03515625
8 0.59375 0.62265625 0.02890625 0.0359375
5 0.66875 0.61328125 0.034375 0.040625
4 0.75390625 0.60234375 0.04140625 0.04453125