9 0.5 0.5 1 1
11 0.8370241406250001 0.4519975203125 0.82875330625 0.4247041171875 0.128472553125 0.50120858125 0.1328835984375 0.5400813484375 0.8370241406250001 0.4519975203125
2 0.28515625 0.50234375 0.04453125 0.0328125
0 0.35859375 0.49375 0.04375 0.03203125
3 0.42890625 0.4859375 0.04140625 0.03046875
7 0.49609375 0.47890625 0.03515625 0.02890625
1 0.55625 0.471875 0.03515625 0.0296875
10 0.61328125 0.46484375 0.03359375 0.02890625
6 0.66875 0.4578125 0.03046875 0.02890625
8 0.7203125 0.45234375 0.0296875 0.028125
5 0.76953125 0.44609375 0.0265625 0.0265625
4 0.81640625 0.44140625 0.02734375 0.02578125