9 0.5 0.5 1 1
11 0.8267195765625001 0.78125 0.23575 0.16014459375 0.196759259375 0.1773313484375 0.778769840625 0.8035714281249999 0.8267195765625001 0.78125
2 0.34609375 0.30390625 0.03828125 0.021875
0 0.3859375 0.34609375 0.040625 0.0234375
3 0.4296875 0.390625 0.04375 0.0234375
7 0.471875 0.4375 0.0453125 0.021875
1 0.51796875 0.48671875 0.03984375 0.0296875
10 0.565625 0.53828125 0.0421875 0.02890625
6 0.61484375 0.59140625 0.0390625 0.034375
8 0.66640625 0.6453125 0.04609375 0.02890625
5 0.72265625 0.70546875 0.0453125 0.0296875
4 0.78359375 0.7703125 0.04453125 0.03515625