9 0.5 0.5 1 1
11 0.7678482140625 0.2953859125 0.76722784375 0.26794047656250003 0.20095535781249999 0.2953859125 0.201575728125 0.31910987031250004 0.7678482140625 0.2953859125
2 0.30859375 0.30234375 0.028125 0.02265625
0 0.353125 0.30078125 0.028125 0.02265625
3 0.396875 0.2984375 0.0296875 0.0234375
7 0.44375 0.296875 0.03046875 0.0234375
1 0.49140625 0.29453125 0.03125 0.0234375
10 0.53984375 0.29296875 0.03046875 0.0234375
6 0.5890625 0.290625 0.03125 0.0234375
8 0.63984375 0.28828125 0.03359375 0.02421875
5 0.6921875 0.28515625 0.0328125 0.0234375
4 0.7484375 0.2828125 0.034375 0.02421875