9 0.5 0.5 1 1
11 0.8298720234375001 0.3157490078125 0.784242725 0.28390624999999997 0.0112251984375 0.9075057046874999 0.0568240734375 0.9457643843750001 0.8298720234375001 0.3157490078125
2 0.16953125 0.8203125 0.0546875 0.034375
0 0.240625 0.7609375 0.04921875 0.0359375
3 0.31328125 0.70234375 0.0546875 0.03203125
7 0.384375 0.64453125 0.04765625 0.03671875
1 0.45234375 0.5890625 0.04609375 0.03671875
10 0.5203125 0.534375 0.04375 0.03515625
6 0.5875 0.4796875 0.040625 0.0390625
8 0.653125 0.42578125 0.03671875 0.04140625
5 0.71875 0.37265625 0.05546875 0.02578125
4 0.78828125 0.315625 0.04609375 0.034375