9 0.5 0.5 1 1
11 0.11133730156249999 0.4890887890625 0.1251220234375 0.5352142859375 0.8048306875 0.3673970734375 0.796347884375 0.338767609375 0.57579398125 0.38807415624999997 0.3844001328125 0.4298256453125 0.11133730156249999 0.4890887890625
2 0.30390625 0.4703125 0.040625 0.034375
0 0.3765625 0.453125 0.034375 0.0328125
3 0.44140625 0.43828125 0.03203125 0.03203125
7 0.50078125 0.42421875 0.0328125 0.03046875
1 0.55703125 0.4109375 0.03046875 0.03046875
10 0.6078125 0.3984375 0.0234375 0.0296875
6 0.65703125 0.3875 0.02734375 0.02890625
8 0.70078125 0.3765625 0.0265625 0.0265625
5 0.74375 0.36640625 0.0265625 0.02578125
4 0.784375 0.35703125 0.0234375 0.02578125