9 0.5 0.5 1 1
11 0.0007030421875 0.28273883906249997 0.42007010625 0.2782137890625 0.92343353125 0.2689556046875 0.92387103125 0.22596502968749999 0.0005320765625000001 0.240835565625 0.0007030421875 0.28273883906249997
2 0.12890625 0.259375 0.05234375 0.0390625
0 0.2109375 0.259375 0.05078125 0.03671875
3 0.29296875 0.25859375 0.05078125 0.0375
7 0.3765625 0.2578125 0.05078125 0.03828125
1 0.459375 0.25703125 0.053125 0.03984375
10 0.54453125 0.25546875 0.053125 0.03828125
6 0.63046875 0.25390625 0.0546875 0.03984375
8 0.7171875 0.2515625 0.05546875 0.03984375
5 0.80546875 0.24921875 0.05546875 0.03984375
4 0.896875 0.246875 0.05546875 0.03984375