9 0.5 0.5 1 1
11 0.494492725 0.999751984375 0.49908068749999995 0.10695560468750001 0.4404553578125 0.10733804531249999 0.4404553578125 0.2973608625 0.4373964953125 0.999751984375 0.494492725 0.999751984375
4 0.46953125 0.13359375 0.05390625 0.03984375
5 0.4703125 0.2015625 0.05546875 0.04140625
8 0.46796875 0.26796875 0.05546875 0.04140625
6 0.46953125 0.3328125 0.05625 0.040625
10 0.4703125 0.40078125 0.053125 0.04140625
1 0.46875 0.465625 0.05390625 0.040625
7 0.46875 0.53125 0.05546875 0.03984375
3 0.4671875 0.59765625 0.05546875 0.0375
0 0.4671875 0.6640625 0.05234375 0.0375
2 0.4671875 0.728125 0.05546875 0.04296875