9 0.5 0.5 1 1
11 0.8816455031249999 0.5775014875 0.8640340609375 0.5510771328125 0.009921296875 0.59712425625 0.00945965625 0.6234293156249999 0.8816455031249999 0.5775014875
2 0.1203125 0.6015625 0.03984375 0.0234375
0 0.20234375 0.5953125 0.0421875 0.02265625
3 0.28203125 0.590625 0.04765625 0.02578125
7 0.365625 0.5859375 0.0484375 0.0234375
1 0.44375 0.58125 0.053125 0.025
10 0.52265625 0.57890625 0.0515625 0.02421875
6 0.6046875 0.57421875 0.0453125 0.025
8 0.6828125 0.57109375 0.04375 0.02578125
5 0.76328125 0.5671875 0.0390625 0.025
4 0.846875 0.5640625 0.0390625 0.02421875