9 0.5 0.5 1 1
11 0.062810515625 0.6781574906250001 0.0941240078125 0.6956227671875 0.5656666671874999 0.2907986109375 0.5382165999999999 0.28234300625 0.062810515625 0.6781574906250001
4 0.0953125 0.67109375 0.028125 0.021875
5 0.13984375 0.6328125 0.0296875 0.01875
8 0.18828125 0.59296875 0.034375 0.015625
6 0.23046875 0.55859375 0.03125 0.015625
10 0.26953125 0.5265625 0.02421875 0.01796875
1 0.3046875 0.49609375 0.0265625 0.015625
7 0.33828125 0.46796875 0.02890625 0.01328125
3 0.37109375 0.43984375 0.02890625 0.01328125
0 0.403125 0.4125 0.03125 0.009375
2 0.43203125 0.3890625 0.025 0.01328125