9 0.5 0.5 1 1
11 0.24728968281250002 0.14359127031250002 0.2469499015625 0.148123346875 0.6879546125 0.9662182546875 0.6974717265625 0.9544351859375 0.7086884921875 0.9431051593750001 0.72262425625 0.9335879625000001 0.2809397328125 0.11549305624999999 0.2772008921875 0.11503968281250002 0.24728968281250002 0.14359127031250002
4 0.275 0.153125 0.0296875 0.03984375
5 0.31171875 0.21953125 0.02578125 0.03984375
8 0.34609375 0.284375 0.02734375 0.0390625
6 0.38125 0.35078125 0.03046875 0.03984375
10 0.41875 0.4171875 0.0265625 0.04296875
1 0.45625 0.4859375 0.0265625 0.0421875
7 0.4921875 0.55546875 0.02734375 0.04453125
3 0.53046875 0.628125 0.02734375 0.04453125
0 0.56875 0.69921875 0.02734375 0.04765625
2 0.61015625 0.7734375 0.02734375 0.0484375