9 0.5 0.5 1 1
11 0 0.5296845234374999 0.0000611765625 0.5617467765625 0.88759920625 0.5594330359375 0.9022420640625001 0.5321396328125 0.90116534375 0.5316552578125 0 0.5296845234374999
2 0.0875 0.546875 0.04140625 0.02734375
0 0.1765625 0.54765625 0.04609375 0.025
3 0.26796875 0.5484375 0.04609375 0.02734375
7 0.35625 0.54765625 0.0484375 0.02734375
1 0.4421875 0.54765625 0.053125 0.02734375
10 0.528125 0.5453125 0.05078125 0.02734375
6 0.6109375 0.54765625 0.046875 0.02578125
8 0.6953125 0.54765625 0.04453125 0.025
5 0.7796875 0.54765625 0.0390625 0.02734375
4 0.86484375 0.54765625 0.0375 0.02734375