9 0.5 0.5 1 1
11 0.9125426593749999 0.555821428125 0.9321312828125 0.5178688 0.0008161375 0.29627480156249997 0 0.3391245046875 0.9125426593749999 0.555821428125
2 0.17421875 0.359375 0.04453125 0.03046875
0 0.2515625 0.37890625 0.04765625 0.03046875
3 0.32734375 0.39609375 0.04609375 0.03125
7 0.40625 0.4140625 0.04609375 0.03046875
1 0.484375 0.43515625 0.0453125 0.03203125
10 0.56328125 0.453125 0.0453125 0.03046875
6 0.64375 0.47109375 0.046875 0.03203125
8 0.7234375 0.490625 0.04453125 0.03359375
5 0.80859375 0.51015625 0.046875 0.03046875
4 0.89453125 0.53046875 0.046875 0.03359375