9 0.5 0.5 1 1
11 0 0.387120784375 0.9460777109375 0.365559771875 0.9460777109375 0.32047718281250004 0 0.3400783734375 0 0.387120784375
2 0.10234375 0.3609375 0.05078125 0.0375
0 0.1921875 0.36015625 0.0515625 0.03671875
3 0.2796875 0.3578125 0.05390625 0.03984375
7 0.37109375 0.35546875 0.0515625 0.040625
1 0.459375 0.35546875 0.053125 0.0390625
10 0.54765625 0.353125 0.05390625 0.0390625
6 0.6359375 0.35078125 0.053125 0.040625
8 0.72578125 0.3484375 0.05390625 0.0421875
5 0.81640625 0.346875 0.0515625 0.040625
4 0.909375 0.34375 0.053125 0.04140625