9 0.5 0.5 1 1
11 0.48056117656249997 0.9519670140625 0.542571428125 0.9550684531250001 0.5467053578125001 0.03241790625 0.4857622359375 0.0332497515625 0.48056117656249997 0.9519670140625
2 0.51484375 0.284375 0.05859375 0.04609375
0 0.5140625 0.35703125 0.05859375 0.0453125
3 0.51171875 0.428125 0.06015625 0.0421875
7 0.51171875 0.5 0.05859375 0.04453125
1 0.5125 0.56953125 0.0609375 0.04375
10 0.51171875 0.6421875 0.0609375 0.04453125
6 0.51171875 0.71328125 0.05703125 0.0453125
8 0.509375 0.784375 0.05859375 0.04375
5 0.50859375 0.85625 0.06015625 0.04375
4 0.50859375 0.9296875 0.05859375 0.04609375