9 0.5 0.5 1 1
11 0.15515806875 0.36843750000000003 0.06911772499999999 0.3729650296875 0.0688869046875 0.40436656718749997 0.3136107796875 0.3978670640625 0.8946739421875 0.3786245046875 0.8916557546874999 0.34013963281250004 0.5244308859375 0.3562172625 0.15515806875 0.36843750000000003
2 0.22421875 0.38359375 0.04296875 0.03203125
0 0.2875 0.38125 0.0421875 0.03125
3 0.35390625 0.3796875 0.04453125 0.0328125
7 0.42109375 0.37734375 0.04453125 0.03359375
1 0.4890625 0.375 0.0453125 0.03359375
10 0.55859375 0.37265625 0.04609375 0.03359375
6 0.63125 0.36953125 0.0484375 0.034375
8 0.7046875 0.3671875 0.05 0.03359375
5 0.78203125 0.36484375 0.0515625 0.03515625
4 0.8640625 0.3609375 0.0546875 0.03515625