9 0.5 0.5 1 1
11 0.19147122968750002 0.9477053578125 0.23676554218749998 0.9492495046875 0.26816269843749996 0.5658593749999999 0.29698644218750003 0.17477926562499999 0.2403683859375 0.1705329859375 0.19558895468749998 0.8376634421875 0.19147122968750002 0.9477053578125
4 0.26875 0.1953125 0.05390625 0.03984375
5 0.26328125 0.25703125 0.053125 0.0375
8 0.25859375 0.31796875 0.05078125 0.0359375
6 0.25546875 0.3765625 0.05234375 0.0359375
10 0.25234375 0.43359375 0.04921875 0.0359375
1 0.246875 0.48984375 0.04921875 0.0359375
7 0.24375 0.5453125 0.0484375 0.03515625
3 0.23828125 0.60234375 0.04921875 0.0359375
0 0.23515625 0.65625 0.04609375 0.03515625
2 0.23046875 0.7078125 0.0453125 0.03125