9 0.5 0.5 1 1
11 0.25757804218749997 0.1696245046875 0.5528501984374999 0.8584885906249999 0.604365740625 0.9734563484375001 0.6583945109375 0.95178199375 0.4523320109375 0.4683521828125 0.3078369703125 0.1479501484375 0.25757804218749997 0.1696245046875
2 0.36484375 0.34375 0.04609375 0.03125
0 0.39609375 0.4140625 0.0453125 0.03203125
3 0.421875 0.4796875 0.046875 0.03125
7 0.45234375 0.54765625 0.046875 0.034375
1 0.48046875 0.6140625 0.0484375 0.03359375
10 0.50859375 0.67890625 0.046875 0.0328125
6 0.5375 0.74609375 0.04609375 0.03125
8 0.56640625 0.81015625 0.046875 0.0296875
5 0.59453125 0.8765625 0.0453125 0.0296875
4 0.62265625 0.9421875 0.04296875 0.03125