9 0.5 0.5 1 1
11 0.956729496875 0.8120744046875 0.9557748015625 0.7698236609375 0.0190965609375 0.7884424609375 0.02005125625 0.8306932046875 0.956729496875 0.8120744046875
2 0.16015625 0.8078125 0.05390625 0.04140625
0 0.24453125 0.80625 0.05546875 0.04140625
3 0.32890625 0.8046875 0.05625 0.0421875
7 0.41484375 0.80234375 0.05546875 0.04453125
1 0.49921875 0.8 0.05625 0.0421875
10 0.58515625 0.7984375 0.05390625 0.0421875
6 0.6703125 0.7953125 0.0546875 0.0421875
8 0.7546875 0.79453125 0.05625 0.0421875
5 0.84140625 0.79296875 0.05546875 0.04140625
4 0.92890625 0.79140625 0.0546875 0.0390625