9 0.5 0.5 1 1
11 0.98236805625 0.24328596249999998 0.9862397484375001 0.241834078125 0.9879606484375 0.2387688484375 0.9883908734375 0.2034375 0.9858095234375 0.20230803593750002 0.8232490078125 0.20472817499999998 0.58406283125 0.20827728125 0.20929927187500003 0.21102008906249997 0.0008604499999999999 0.21311731093750003 0.00030555625 0.25280456406249996 0.2660916 0.2516750984375 0.505251984375 0.250384671875 0.74316898125 0.2471579859375 0.98236805625 0.24328596249999998
2 0.23671875 0.23125 0.05 0.0375
0 0.31796875 0.23125 0.05 0.0375
3 0.396875 0.23125 0.05 0.0375
7 0.47734375 0.23046875 0.05 0.0375
1 0.55546875 0.2296875 0.05 0.0375
10 0.6359375 0.228125 0.05 0.0375
6 0.7171875 0.22734375 0.05 0.0375
8 0.79609375 0.22578125 0.05234375 0.03828125
5 0.8796875 0.22421875 0.05 0.0375
4 0.96015625 0.2234375 0.05 0.0375