9 0.5 0.5 1 1
11 0.9572278437499999 0.5820039687499999 0.9618746687499999 0.5445396828125 0 0.5580357140625 0.0023234125 0.5881026781250001 0.9572278437499999 0.5820039687499999
2 0.178125 0.57109375 0.040625 0.0296875
0 0.25625 0.57109375 0.0421875 0.02734375
3 0.33203125 0.5703125 0.0421875 0.03046875
7 0.4109375 0.56875 0.04609375 0.03125
1 0.490625 0.5671875 0.04765625 0.03046875
10 0.571875 0.565625 0.0484375 0.03203125
6 0.65546875 0.56640625 0.053125 0.03203125
8 0.74140625 0.56640625 0.0578125 0.0328125
5 0.83125 0.56640625 0.0578125 0.03359375
4 0.9265625 0.565625 0.0578125 0.03125