9 0.5 0.5 1 1
11 0.338847884375 0.8097743062499999 0.301117725 0.37113665625 0.2764477515625 0.10883779687499999 0.22710813437500002 0.10938194375000002 0.24814980156250002 0.3709841265625 0.27499669375 0.7977802578125 0.28660582031250004 0.9436227671875 0.3490062828125 0.9365483625 0.338847884375 0.8097743062499999
2 0.27109375 0.33984375 0.04921875 0.03359375
0 0.27734375 0.3953125 0.05078125 0.034375
3 0.28203125 0.44765625 0.05 0.034375
7 0.28671875 0.5078125 0.0515625 0.03671875
1 0.29140625 0.5671875 0.05234375 0.0375
10 0.2953125 0.62890625 0.053125 0.0375
6 0.29921875 0.69453125 0.0546875 0.040625
8 0.3046875 0.76328125 0.05546875 0.0421875
5 0.30859375 0.83515625 0.05703125 0.04140625
4 0.315625 0.9140625 0.059375 0.04609375