9 0.5 0.5 1 1
11 0.8879292328125 0.8515116562499999 0.9516140875 0.8526098703124999 0.9523462296874999 0.811983134375 0.707854496875 0.807591021875 0.5526683203125 0.8042971234375 0.3960178578125 0.8015520828125 0.23497552968750002 0.799355903125 0.0007321421875 0.7949637890625 0 0.8328454859375001 0.17055853125 0.838335565625 0.3960178578125 0.842178571875 0.5563283734375 0.8449236109375 0.7122466937499999 0.8482177578125001 0.8879292328125 0.8515116562499999
2 0.20078125 0.81875 0.046875 0.03828125
0 0.2796875 0.81953125 0.05078125 0.03984375
3 0.35390625 0.821875 0.053125 0.03984375
7 0.4328125 0.82265625 0.0515625 0.04140625
1 0.5109375 0.8234375 0.05078125 0.03984375
10 0.5921875 0.825 0.0515625 0.03984375
6 0.671875 0.8265625 0.05546875 0.040625
8 0.753125 0.8296875 0.05546875 0.040625
5 0.83828125 0.83046875 0.0546875 0.040625
4 0.9234375 0.8328125 0.05234375 0.03984375