9 0.5 0.5 1 1
11 0.187045634375 0.897693453125 0.118288359375 0.2747876984375 0.0641352515625 0.2763053078125 0.1374375 0.9023454859375001 0.187045634375 0.897693453125
2 0.1453125 0.76953125 0.04609375 0.02578125
0 0.140625 0.721875 0.046875 0.02734375
3 0.1359375 0.6734375 0.046875 0.02890625
7 0.13046875 0.62265625 0.04921875 0.03046875
1 0.12578125 0.57109375 0.04921875 0.03203125
10 0.11953125 0.51953125 0.05078125 0.03203125
6 0.11328125 0.465625 0.05078125 0.03359375
8 0.1078125 0.4125 0.05078125 0.03359375
5 0.10078125 0.35625 0.04921875 0.0359375
4 0.09375 0.296875 0.05078125 0.03515625