9 0.5 0.5 1 1
11 0.051413359375 0.4021259921875 0.057839946875000006 0.446883184375 0.45183829375 0.38952380937500003 0.7950710984375 0.333957340625 0.7904808203125 0.3029717265625 0.44504034375 0.352474703125 0.051413359375 0.4021259921875
2 0.2734375 0.396875 0.040625 0.0328125
0 0.34921875 0.3859375 0.03671875 0.03359375
3 0.41640625 0.375 0.034375 0.0328125
7 0.47890625 0.36796875 0.03046875 0.0296875
1 0.53515625 0.3578125 0.0296875 0.03046875
10 0.58984375 0.34921875 0.02890625 0.028125
6 0.64375 0.34140625 0.0265625 0.028125
8 0.69140625 0.334375 0.02578125 0.0296875
5 0.73515625 0.328125 0.02265625 0.02578125
4 0.7796875 0.321875 0.02109375 0.02578125