9 0.5 0.5 1 1
11 0.4642744703125 0.8259585812499999 0.5226359125 0.8261547625000001 0.5211941140625 0.0633754953125 0.4683005953125 0.06385912656250001 0.4642744703125 0.8259585812499999
4 0.49296875 0.80234375 0.05625 0.04609375
5 0.49296875 0.728125 0.05625 0.04375
8 0.4921875 0.659375 0.05625 0.0421875
6 0.49296875 0.5921875 0.05546875 0.04296875
10 0.49296875 0.5265625 0.05546875 0.04140625
1 0.49296875 0.4625 0.05546875 0.040625
7 0.4921875 0.4 0.05390625 0.03984375
3 0.49296875 0.33828125 0.05390625 0.04140625
0 0.49296875 0.2765625 0.05390625 0.03828125
2 0.49296875 0.21640625 0.053125 0.03828125