9 0.5 0.5 1 1
11 0.1119398140625 0.3286071421875 0.11329960312500001 0.3724541171875 0.11647189218750001 0.5053544140625 0.12055059531250001 0.8266331843750001 0.15590013281249998 0.826293403125 0.155447090625 0.7158058031250001 0.156806546875 0.5866173109374999 0.155447090625 0.4540500984375 0.15227447031250002 0.32792733125 0.1119398140625 0.3286071421875
2 0.13671875 0.734375 0.03671875 0.025
0 0.13671875 0.6921875 0.0375 0.02578125
3 0.1359375 0.65 0.0390625 0.02578125
7 0.1359375 0.6078125 0.0390625 0.02734375
1 0.1359375 0.565625 0.0390625 0.028125
10 0.1359375 0.521875 0.03984375 0.028125
6 0.134375 0.478125 0.040625 0.02734375
8 0.13359375 0.43515625 0.0421875 0.028125
5 0.1328125 0.38984375 0.040625 0.02734375
4 0.13046875 0.34375 0.040625 0.0296875