9 0.5 0.5 1 1
11 0.7263174609374999 0.8819337796875001 0.770180225 0.88338516875 0.8172685187500001 0.33131299531249997 0.831459325 0.221978421875 0.7798558203125 0.22101066406249997 0.7605046296875 0.4300044640625 0.7263174609374999 0.8819337796875001
4 0.803125 0.24140625 0.04296875 0.0390625
5 0.79765625 0.30078125 0.04296875 0.0359375
8 0.7921875 0.3578125 0.04296875 0.0359375
6 0.7859375 0.4125 0.04296875 0.0359375
10 0.78203125 0.46640625 0.04296875 0.0359375
1 0.77734375 0.51875 0.04296875 0.0359375
7 0.77265625 0.57109375 0.04296875 0.03359375
3 0.76796875 0.62421875 0.04296875 0.03359375
0 0.76484375 0.67421875 0.04296875 0.03359375
2 0.76171875 0.7234375 0.04296875 0.0328125