9 0.5 0.5 1 1
11 0.7137341265625 0.30125272812500004 0.5708667328125 0.3965825890625 0.47514583281249995 0.4597790171875 0.350851190625 0.541719990625 0.20369775156249997 0.6374057546875 0.028292328125 0.75539930625 0.07043816093750001 0.7886041671874999 0.45085813437500005 0.5235109125 0.5615803578125 0.4485322421875 0.66944510625 0.375695684375 0.7508792984375 0.317855159375 0.7137341265625 0.30125272812500004
2 0.18671875 0.67578125 0.0375 0.02734375
0 0.2609375 0.62578125 0.04140625 0.028125
3 0.33125 0.57890625 0.0375 0.028125
7 0.3984375 0.53359375 0.0390625 0.0265625
1 0.45859375 0.49296875 0.03671875 0.02421875
10 0.51484375 0.45625 0.0359375 0.02421875
6 0.56875 0.41953125 0.03359375 0.0234375
8 0.61875 0.38515625 0.034375 0.02265625
5 0.6671875 0.35234375 0.034375 0.01953125
4 0.715625 0.3203125 0.03359375 0.01796875