9 0.5 0.5 1 1
11 0.7847268515625 0.4988896328125 0.7779785046875001 0.468522321875 0.0038561515625 0.5646850203125 0.0057843921875 0.6102358625 0.7847268515625 0.4988896328125
2 0.1453125 0.56796875 0.0484375 0.03203125
0 0.2328125 0.55625 0.0484375 0.03359375
3 0.31484375 0.546875 0.04140625 0.03125
7 0.3921875 0.53515625 0.03671875 0.0296875
1 0.46171875 0.52578125 0.03671875 0.0296875
10 0.53046875 0.51640625 0.03359375 0.02890625
6 0.59296875 0.5078125 0.03125 0.028125
8 0.65234375 0.5015625 0.0296875 0.02578125
5 0.7078125 0.49296875 0.02578125 0.028125
4 0.76484375 0.4859375 0.02421875 0.02734375