9 0.5 0.5 1 1
11 0.2514570109375 0.5723623515625 0.012744709375 0.7023578875 0.0448611109375 0.7417388390624999 0.223795965625 0.6438598703125 0.7331335984375 0.369730159375 0.9106005296875 0.272959821875 0.8764447750000001 0.24428447343749998 0.2514570109375 0.5723623515625
2 0.2390625 0.60703125 0.0421875 0.034375
0 0.31796875 0.565625 0.03984375 0.034375
3 0.39375 0.52421875 0.046875 0.02890625
7 0.4703125 0.48515625 0.0421875 0.03046875
1 0.5390625 0.44765625 0.04296875 0.03203125
10 0.60859375 0.4109375 0.04453125 0.0296875
6 0.6765625 0.3734375 0.04296875 0.0296875
8 0.74140625 0.33984375 0.046875 0.0265625
5 0.80703125 0.3046875 0.03984375 0.0296875
4 0.8703125 0.2703125 0.040625 0.02734375