9 0.5 0.5 1 1
11 0.9103726859375 0.5396321921875 0.913953703125 0.5020220734375 0.0112562828125 0.4968494546875 0.011556878125 0.5351547625 0.9103726859375 0.5396321921875
2 0.1921875 0.5171875 0.04921875 0.03671875
0 0.271875 0.5171875 0.04921875 0.03671875
3 0.34765625 0.51640625 0.04921875 0.03671875
7 0.42421875 0.51875 0.04921875 0.03671875
1 0.50078125 0.51796875 0.04921875 0.03671875
10 0.57578125 0.5171875 0.04921875 0.03671875
6 0.6546875 0.5171875 0.04921875 0.03671875
8 0.73125 0.51875 0.04921875 0.03671875
5 0.809375 0.51953125 0.04921875 0.03671875
4 0.8890625 0.51953125 0.04921875 0.03671875