9 0.5 0.5 1 1
11 0.6934755296875 0.14902455312500001 0.565617725 0.299771825 0.40091997343749997 0.49688095312499997 0.15544444375 0.7870875500000001 0.048217592187500005 0.918705109375 0.099685515625 0.9422720734375 0.210748346875 0.807777778125 0.30772486718750003 0.69277108125 0.507117725 0.4570607640625 0.744943453125 0.1721850203125 0.6934755296875 0.14902455312500001
2 0.25078125 0.715625 0.046875 0.03125
0 0.30234375 0.65546875 0.046875 0.0328125
3 0.353125 0.59453125 0.04765625 0.03125
7 0.40390625 0.53515625 0.0515625 0.02890625
1 0.453125 0.47734375 0.05078125 0.0296875
10 0.50234375 0.4203125 0.04921875 0.0296875
6 0.553125 0.359375 0.05234375 0.02734375
8 0.60078125 0.30078125 0.0484375 0.0296875
5 0.65 0.24140625 0.04921875 0.02890625
4 0.70234375 0.18046875 0.05 0.02734375