9 0.5 0.5 1 1
11 0.773273809375 0.6553705359374999 0.92109556875 0.6466577375 0.9125945765625 0.6227929062500001 0.7686273140625001 0.6323688 0.7012251984375 0.636551090625 0.5692099875000001 0.6442182546875 0.4456431875 0.6529308031250001 0.330362434375 0.6633861609375 0.275336309375 0.6682651296875 0.14944841250000002 0.6829025296875 0.1495648140625 0.703199653125 0.2616825390625 0.6915466265625 0.33023478906250003 0.684876984375 0.5107807546875 0.6705701890625 0.6351547625 0.6634114578125 0.773273809375 0.6553705359374999
2 0.29921875 0.67578125 0.021875 0.015625
0 0.35703125 0.66953125 0.02421875 0.01796875
3 0.41328125 0.6625 0.02734375 0.01796875
7 0.47421875 0.66015625 0.03125 0.01875
1 0.5359375 0.65546875 0.03515625 0.01875
10 0.6015625 0.6515625 0.0375 0.01953125
6 0.66953125 0.64765625 0.04375 0.02109375
8 0.7375 0.64296875 0.046875 0.0203125
5 0.8109375 0.63828125 0.046875 0.0203125
4 0.88828125 0.634375 0.05078125 0.02265625