9 0.5 0.5 1 1
11 0.8046921296875 0.5226041671874999 0.8276107796875 0.7989370046875 0.8394943781249999 0.9994990078124999 0.9031567453125 0.9994990078124999 0.8836335984374999 0.669715278125 0.8547731484375 0.3207946421875 0.8411917984375 0.12723561562500002 0.7800760578125 0.134875 0.8046921296875 0.5226041671874999
4 0.81328125 0.15390625 0.05546875 0.0390625
5 0.81875 0.2203125 0.05546875 0.040625
8 0.821875 0.2875 0.06015625 0.0390625
6 0.82578125 0.35234375 0.0609375 0.04453125
10 0.83046875 0.42109375 0.059375 0.0421875
1 0.83515625 0.4875 0.0609375 0.04609375
7 0.840625 0.5578125 0.06015625 0.046875
3 0.846875 0.628125 0.06015625 0.04765625
0 0.85078125 0.7 0.05859375 0.05
2 0.8578125 0.771875 0.0625 0.04765625