9 0.5 0.5 1 1
11 0.52242691875 0.737623759375 0.5128849203125 0.3305334828125 0.5063247359374999 0.0169967765625 0.45384358437500005 0.0187859625 0.45861441875000003 0.194970734375 0.4699457671875 0.737185515625 0.47233101875 0.8494536203124999 0.5254087296875001 0.8503482140624999 0.52242691875 0.737623759375
2 0.48671875 0.29765625 0.05234375 0.0375
4 0.4984375 0.8296875 0.05078125 0.03984375
5 0.49609375 0.76796875 0.053125 0.03984375
8 0.496875 0.70859375 0.05234375 0.0390625
6 0.49453125 0.64921875 0.05078125 0.03828125
10 0.49296875 0.590625 0.05 0.0375
0 0.4890625 0.35703125 0.05234375 0.03984375
3 0.4890625 0.41484375 0.0484375 0.0375
1 0.49296875 0.53203125 0.0515625 0.0359375
7 0.48984375 0.47578125 0.05078125 0.0359375