9 0.5 0.5 1 1
11 0.8216772484374999 0.12924181562499998 0.8225962296875 0.2426359125 0.8221365734375 0.47668303593749994 0.8248938484374999 0.6749057546875 0.8292804234375 0.7684501484374999 0.8764553578125 0.7684501484374999 0.873144840625 0.6225811015625 0.8723171296875 0.408420634375 0.8731468250000001 0.2347155265625 0.87406580625 0.125105903125 0.8216772484374999 0.12924181562499998
4 0.8484375 0.14921875 0.0484375 0.034375
5 0.84921875 0.2109375 0.046875 0.03515625
8 0.8484375 0.271875 0.04765625 0.03359375
6 0.84765625 0.32890625 0.04765625 0.03359375
10 0.84765625 0.3859375 0.04609375 0.0328125
1 0.8484375 0.44140625 0.04765625 0.0328125
7 0.84921875 0.49609375 0.04453125 0.0328125
3 0.84921875 0.55078125 0.04375 0.03125
0 0.85 0.6015625 0.0453125 0.03203125
2 0.8515625 0.65390625 0.0421875 0.03203125