9 0.5 0.5 1 1
11 0.8383548281250001 0.581530009375 0.839161375 0.549467509375 0.01405489375 0.5436798109375001 0.013423279687500001 0.576690228125 0.8383548281250001 0.581530009375
2 0.2296875 0.5609375 0.03984375 0.03046875
0 0.2953125 0.56171875 0.03984375 0.03046875
3 0.36171875 0.5625 0.03984375 0.03046875
7 0.425 0.56171875 0.03984375 0.03046875
1 0.48984375 0.56328125 0.03984375 0.03046875
10 0.553125 0.5625 0.03984375 0.03046875
6 0.61796875 0.5625 0.03984375 0.03046875
8 0.6828125 0.56328125 0.03984375 0.03046875
5 0.74921875 0.5640625 0.03984375 0.03046875
4 0.81640625 0.565625 0.03984375 0.03046875