9 0.5 0.5 1 1
11 0.9747361109374999 0.75369295625 0.9720525796875 0.7089141859375 0.0013416 0.7285364578125 0.0020125656249999997 0.7778435015625 0.9747361109374999 0.75369295625
2 0.11640625 0.75078125 0.059375 0.04453125
0 0.2140625 0.74765625 0.05546875 0.04453125
3 0.3109375 0.74609375 0.0609375 0.04453125
7 0.40546875 0.7421875 0.05703125 0.04296875
1 0.49765625 0.74140625 0.05625 0.04375
10 0.5890625 0.73828125 0.05390625 0.0421875
6 0.678125 0.7359375 0.05390625 0.040625
8 0.76640625 0.73515625 0.053125 0.0421875
5 0.85546875 0.73359375 0.0515625 0.040625
4 0.94296875 0.73203125 0.05078125 0.040625