9 0.5 0.5 1 1
11 0.448748346875 0.1997728171875 0.453045634375 0.1592564484375 0.40516269843749997 0.155112846875 0.398410053125 0.2062185015625 0.3781517859375 0.3733482140625 0.350527115625 0.6012797625 0.319218915625 0.8425540671875 0.370785384375 0.847158234375 0.384290675 0.7297532234374999 0.40147949687500006 0.5957916671875 0.41437103124999997 0.48113988125 0.43401521093750006 0.318605159375 0.448748346875 0.1997728171875
2 0.3625 0.69375 0.046875 0.03671875
0 0.36953125 0.63125 0.0421875 0.0390625
3 0.3796875 0.57421875 0.04609375 0.0359375
7 0.38671875 0.51484375 0.04609375 0.0390625
1 0.3921875 0.45859375 0.04453125 0.034375
10 0.40078125 0.4015625 0.04609375 0.0328125
6 0.4078125 0.34453125 0.0453125 0.03359375
8 0.4125 0.28828125 0.04375 0.03203125
5 0.4203125 0.2328125 0.0453125 0.03203125
4 0.42734375 0.17578125 0.04609375 0.03125