9 0.5 0.5 1 1
11 0.73891021875 0.997166996875 0.76462574375 0.9996693125 0.7846631937499999 0.9799312171875 0.3050173609375 0.073465278125 0.2593067953125 0.11602976250000001 0.73891021875 0.997166996875
4 0.30078125 0.1234375 0.034375 0.0578125
5 0.35078125 0.22109375 0.0390625 0.0578125
8 0.4015625 0.31328125 0.03359375 0.05859375
6 0.446875 0.39921875 0.03359375 0.0546875
10 0.49140625 0.4828125 0.0328125 0.0546875
1 0.53359375 0.56171875 0.02890625 0.05546875
7 0.575 0.63828125 0.03046875 0.05078125
3 0.61484375 0.7140625 0.02734375 0.05
0 0.65234375 0.784375 0.02734375 0.05078125
2 0.68984375 0.85234375 0.025 0.04765625