9 0.5 0.5 1 1
11 0.7434751984375 0.82541245 0.7485135578125 0.8263814484375 0.769700396875 0.7974109625 0.7681501328125 0.794601190625 0.0596071421875 0.4676716265625 0.05740079375 0.47434052656250003 0.05287896875 0.4819947921875 0.045903107812499996 0.48926165624999995 0.0390558859375 0.49526884843749996 0.7434751984375 0.82541245
2 0.2296875 0.56328125 0.03203125 0.01875
0 0.2828125 0.5875 0.0359375 0.0203125
3 0.33671875 0.6125 0.0328125 0.01953125
7 0.390625 0.6375 0.0375 0.01953125
1 0.4453125 0.66328125 0.03515625 0.02109375
10 0.50234375 0.690625 0.03671875 0.01953125
6 0.55859375 0.715625 0.0375 0.02265625
8 0.6140625 0.74296875 0.0375 0.02265625
5 0.6734375 0.77109375 0.03828125 0.02109375
4 0.7359375 0.80078125 0.0421875 0.02109375