9 0.5 0.5 1 1
11 0.3593039015625 0.094071428125 0.2930244703125 0.0909317953125 0.2797688484375 0.24058358124999998 0.24069874375000003 0.6157700890625 0.217329034375 0.8306728671875 0.2072103171875 0.9633182046875 0.272791996875 0.9664578374999999 0.28325694375 0.8257013890625 0.2986061515625 0.6765518359375 0.3230248015625 0.45621825468750005 0.3383736765625 0.29553621093750004 0.3593039015625 0.094071428125
2 0.25390625 0.7890625 0.0625 0.04609375
0 0.2609375 0.715625 0.0625 0.046875
3 0.2703125 0.64140625 0.06328125 0.0453125
7 0.278125 0.5671875 0.06171875 0.046875
1 0.28515625 0.49375 0.06015625 0.046875
10 0.29453125 0.41953125 0.06328125 0.04296875
6 0.3015625 0.34609375 0.06328125 0.046875
8 0.30859375 0.27265625 0.06328125 0.04609375
5 0.315625 0.196875 0.06328125 0.04609375
4 0.32421875 0.1203125 0.06328125 0.04609375