9 0.5 0.5 1 1
11 0.4784976859375 0.1981254953125 0.42695965625000004 0.1974967765625 0.4030763890625 0.31471403750000004 0.3473485453125 0.5743142359375 0.30209556875 0.773269096875 0.2555942453125 0.999017609375 0.3104841265625 0.9993318453125 0.3435856484375 0.8340210812500001 0.3724973546875 0.7035987109375 0.4001517859375 0.5759546125 0.44665310781249995 0.36032514843749996 0.4784976859375 0.1981254953125
2 0.321875 0.803125 0.046875 0.040625
0 0.3375 0.7328125 0.04921875 0.034375
3 0.3515625 0.66953125 0.05 0.0359375
7 0.365625 0.60390625 0.0484375 0.034375
1 0.3796875 0.5390625 0.046875 0.03359375
10 0.3953125 0.475 0.046875 0.0359375
6 0.40703125 0.41171875 0.0453125 0.0359375
8 0.42109375 0.34921875 0.04609375 0.0359375
5 0.43515625 0.284375 0.046875 0.03671875
4 0.4484375 0.22109375 0.046875 0.03125