9 0.5 0.5 1 1
11 0.2446881609375 0.26268353125 0.2502357796875 0.3951907234375 0.253406084375 0.5745825890625 0.257369046875 0.8123911203124999 0.2621243390625 0.8718603671875 0.312847553125 0.8712661203125001 0.30729960312500004 0.69716493125 0.2993740078125 0.2750620046875 0.296204034375 0.12839384843749999 0.2366461640625 0.1301532734375 0.2446881609375 0.26268353125
4 0.26484375 0.153125 0.0515625 0.04140625
5 0.26796875 0.221875 0.0515625 0.04296875
8 0.26953125 0.28984375 0.05 0.03984375
6 0.271875 0.3546875 0.04921875 0.03984375
10 0.27578125 0.41796875 0.0515625 0.0390625
1 0.2765625 0.48125 0.05078125 0.0390625
7 0.27890625 0.54375 0.0484375 0.0375
3 0.27890625 0.6046875 0.04921875 0.0390625
0 0.28046875 0.66484375 0.04765625 0.0390625
2 0.28203125 0.725 0.0484375 0.0390625