9 0.5 0.5 1 1
11 0.594759259375 0.3308122515625 0.42465840000000005 0.4593489578125 0.2303022484375 0.6060577875 0.1641623671875 0.656330853125 0.1921587296875 0.6776463296874999 0.3622599203125 0.5503697921875 0.6193283734375 0.358828125 0.7300763890625 0.27418278749999997 0.69698941875 0.2509583328125 0.594759259375 0.3308122515625
2 0.278125 0.59140625 0.0265625 0.02421875
0 0.31953125 0.559375 0.028125 0.02109375
3 0.36484375 0.52734375 0.02734375 0.02265625
7 0.40859375 0.49375 0.0296875 0.02109375
1 0.453125 0.459375 0.0296875 0.0234375
10 0.49921875 0.42578125 0.03046875 0.02109375
6 0.5453125 0.390625 0.03125 0.0234375
8 0.59453125 0.35390625 0.03125 0.02265625
5 0.6421875 0.31640625 0.03125 0.02421875
4 0.69609375 0.2765625 0.03359375 0.02578125