9 0.5 0.5 1 1
11 0.8355889546874999 0.2653955859375 0.6907635578125 0.3191401296875 0.5501438484375 0.370207340625 0.40113624375 0.4231247515625 0.1642635578125 0.5056612109375 0 0.563959078125 0.0024669312499999998 0.6098454859375 0.18749305624999998 0.5436061515625 0.3453816140625 0.48661830312500004 0.5358647484375 0.4196388890625 0.8624675921874999 0.30100768906250003 0.8355889546874999 0.2653955859375
2 0.14375 0.5359375 0.0390625 0.03203125
0 0.21875 0.50859375 0.04453125 0.02890625
3 0.29765625 0.48125 0.0390625 0.0296875
7 0.3734375 0.45390625 0.03671875 0.0328125
1 0.4484375 0.42734375 0.0359375 0.03359375
10 0.521875 0.4015625 0.0390625 0.0296875
6 0.596875 0.37421875 0.0390625 0.03359375
8 0.66953125 0.346875 0.0390625 0.03125
5 0.7453125 0.3203125 0.03671875 0.02890625
4 0.8203125 0.29375 0.03515625 0.03203125