9 0.5 0.5 1 1
11 0.754442790625 0.62150074375 0.9985691140625 0.6205009921875 0.9993849203125 0.5869064984375 0.76871693125 0.587415675 0.0745026453125 0.59013516875 0.0740998671875 0.62367584375 0.412963625 0.6215607640624999 0.754442790625 0.62150074375
4 0.0984375 0.60703125 0.04609375 0.03046875
5 0.1703125 0.60625 0.04296875 0.03125
8 0.23984375 0.60546875 0.0453125 0.03125
6 0.309375 0.60546875 0.04609375 0.0296875
10 0.3765625 0.6046875 0.04296875 0.03046875
1 0.44453125 0.60546875 0.0453125 0.03203125
7 0.51171875 0.6046875 0.04453125 0.03203125
3 0.58125 0.60390625 0.04375 0.03125
0 0.64765625 0.6046875 0.04453125 0.03203125
2 0.715625 0.6046875 0.0453125 0.03046875