9 0.5 0.5 1 1
11 0 0.6891140874999999 0.0407357796875 0.6894437 0.503867725 0.7028439984375 0.804839946875 0.719263640625 0.9996693125 0.730021578125 0.9996693125 0.7126579859375 0.9859586640625 0.6947284218750001 0.92220238125 0.6916517859375 0.9194417984375001 0.69488194375 0.8881901453125 0.6934739578125 0.8842146156249999 0.6887529765625 0.82369874375 0.6858541671875 0.8201650125000001 0.6894985124999999 0.791894840625 0.688421875 0.7910115734375001 0.68444618125 0.7882506609375 0.6830381937500001 0.726851521875 0.6801396328125 0.7245324078125 0.6843635906250001 0.6974771828125 0.6824585812499999 0.697035384375 0.6800567953125001 0.6939434531249999 0.6779861109375 0.6347526453125 0.6759156749999999 0.6290102515625 0.6790627484375 0.602396825 0.6782346234375 0.6007400796875 0.6757500000000001 0.5985317453125 0.674673115625 0.5375740734375001 0.6719399796875 0.5375740734375001 0.674755953125 0.508420634375 0.673679315625 0.5079788359374999 0.6696210312499999 0.44635879687499996 0.666805059375 0.4439292328125 0.67061483125 0.41908267187500003 0.6696210312499999 0.4136716265625 0.6645689484374999 0.35381845312500004 0.6636577375 0.350174271875 0.666970734375 0.32190409999999997 0.666059771875 0.31914318750000004 0.6608417656250001 0.2575231484375 0.660013640625 0.25376851875 0.6639890875 0.22836970937499998 0.6636577375 0.22627149531250002 0.660427828125 0.165534721875 0.6594337796875 0.1621114421875 0.662084078125 0.135277115625 0.6615044640625001 0.132737103125 0.6586884921875 0.0714484125 0.6584399796875 0.0696074734375 0.660773809375 0 0.6600280265625 0 0.6891140874999999
2 0.08984375 0.67265625 0.0359375 0.02734375
0 0.1859375 0.67421875 0.040625 0.02734375
3 0.28359375 0.67578125 0.04609375 0.0265625
7 0.38125 0.68046875 0.0515625 0.0296875
1 0.4765625 0.6828125 0.05546875 0.02890625
10 0.5703125 0.6875 0.05625 0.02578125
6 0.665625 0.69140625 0.06015625 0.02578125
8 0.76484375 0.69609375 0.0515625 0.0265625
5 0.8625 0.70234375 0.04609375 0.025
4 0.96796875 0.71015625 0.0375 0.0265625