9 0.5 0.5 1 1
11 0.1612688484375 0.6772705859375 0.60931216875 0.4268380453125 0.8563720234375 0.2896369046875 0.8220595234375001 0.26132911718749996 0.1329808203125 0.6500982140625 0.1612688484375 0.6772705859375
2 0.265625 0.596875 0.03515625 0.02421875
0 0.3234375 0.5640625 0.03828125 0.0234375
3 0.3796875 0.53203125 0.03828125 0.021875
7 0.43984375 0.5 0.040625 0.021875
1 0.4984375 0.46796875 0.040625 0.0234375
10 0.55859375 0.434375 0.04453125 0.01953125
6 0.61875 0.4 0.03984375 0.02421875
8 0.6828125 0.3625 0.0421875 0.025
5 0.75 0.3265625 0.0421875 0.021875
4 0.81640625 0.2890625 0.04765625 0.021875