9 0.5 0.5 1 1
11 0.43001091249999995 0.9695369546875 0.46422387499999995 0.557440971875 0.4991078046875 0.1121986609375 0.43202347812499997 0.1116954359375 0.3669517203125 0.9675245531250001 0.43001091249999995 0.9695369546875
2 0.4078125 0.82265625 0.0625 0.046875
0 0.415625 0.746875 0.06015625 0.04609375
3 0.421875 0.675 0.0609375 0.04765625
7 0.428125 0.59921875 0.0625 0.0484375
1 0.4328125 0.525 0.0625 0.0453125
10 0.43984375 0.4515625 0.0609375 0.046875
6 0.4453125 0.375 0.06328125 0.046875
8 0.45078125 0.29921875 0.0640625 0.04609375
5 0.45703125 0.2203125 0.0640625 0.04765625
4 0.4640625 0.13984375 0.06484375 0.0515625