9 0.5 0.5 1 1
11 0.9837546296875 0.44195709375 0.0895740734375 0.9989575890625 0.203075396875 0.999751984375 0.9996693125 0.4996530265625 0.9996693125 0.47323809531250005 0.9996693125 0.45059573437499995 0.9837546296875 0.44195709375
2 0.26640625 0.92578125 0.053125 0.04140625
0 0.35390625 0.87109375 0.0546875 0.040625
3 0.44296875 0.815625 0.0515625 0.04140625
7 0.528125 0.7609375 0.053125 0.040625
1 0.60859375 0.709375 0.04765625 0.0421875
10 0.68828125 0.65859375 0.04609375 0.0390625
6 0.76328125 0.61015625 0.046875 0.03984375
8 0.8375 0.56484375 0.04609375 0.03359375
5 0.9078125 0.52109375 0.04296875 0.0328125
4 0.97734375 0.4734375 0.0453125 0.025