9 0.5 0.5 1 1
11 0.855318121875 0.5900362109375 0.85437466875 0.551819940625 0.012669312499999998 0.557360615625 0.01290079375 0.5956979171875 0.855318121875 0.5900362109375
2 0.121875 0.575 0.0484375 0.0359375
0 0.2015625 0.57421875 0.0484375 0.0359375
3 0.278125 0.57421875 0.0484375 0.0359375
7 0.35703125 0.57421875 0.0484375 0.0359375
1 0.43359375 0.57421875 0.0484375 0.0359375
10 0.5109375 0.57265625 0.0484375 0.0359375
6 0.5890625 0.57265625 0.0484375 0.0359375
8 0.66640625 0.57109375 0.0484375 0.0359375
5 0.74765625 0.57265625 0.0484375 0.03671875
4 0.828125 0.5703125 0.0484375 0.03671875