9 0.5 0.5 1 1
11 0.000942790625 0.6306341765625 0.00235648125 0.6712859625 0.1249014546875 0.6150803578125 0.858369378125 0.2954861109375 0.827733134375 0.2615505953125 0.1338376328125 0.5704977671875 0.000942790625 0.6306341765625
2 0.1734375 0.5734375 0.040625 0.02421875
0 0.2359375 0.546875 0.040625 0.02578125
3 0.3 0.51875 0.040625 0.02734375
7 0.3671875 0.4890625 0.0375 0.028125
1 0.43359375 0.459375 0.04375 0.025
10 0.5046875 0.42890625 0.04375 0.02578125
6 0.57578125 0.396875 0.04765625 0.025
8 0.65234375 0.36328125 0.04921875 0.0265625
5 0.73046875 0.32890625 0.05390625 0.02578125
4 0.81484375 0.290625 0.053125 0.0265625