9 0.5 0.5 1 1
11 0.0045320765625 0.5278623515625 0.0036256609374999997 0.559133184375 0.27055919375 0.55811334375 0.8788144843750001 0.559133184375 0.87790806875 0.5268427578125 0.5683736765625 0.526502728125 0.0045320765625 0.5278623515625
2 0.29453125 0.5421875 0.040625 0.03125
0 0.35625 0.5421875 0.03984375 0.03125
3 0.4171875 0.5421875 0.040625 0.03046875
7 0.47890625 0.5421875 0.040625 0.03125
1 0.54140625 0.5421875 0.040625 0.03125
10 0.60234375 0.5421875 0.040625 0.03046875
6 0.66484375 0.54140625 0.04140625 0.03046875
8 0.72734375 0.54296875 0.0421875 0.03046875
5 0.7921875 0.54296875 0.0390625 0.03125
4 0.85546875 0.5421875 0.04140625 0.03125