9 0.5 0.5 1 1
11 0.11536342656250001 0.5084357640625 0.8168465609375 0.46796577343749995 0.8168465609375 0.440055059375 0.11474305625 0.4819208828125 0.11536342656250001 0.5084357640625
2 0.27578125 0.48671875 0.0375 0.02421875
0 0.33515625 0.48203125 0.03671875 0.02421875
3 0.39296875 0.48046875 0.03671875 0.02421875
7 0.45234375 0.47578125 0.03671875 0.02421875
1 0.5078125 0.47265625 0.034375 0.025
10 0.56484375 0.46953125 0.03359375 0.02265625
6 0.6234375 0.465625 0.03359375 0.0234375
8 0.6796875 0.4625 0.03515625 0.025
5 0.7375 0.45859375 0.034375 0.025
4 0.79765625 0.4546875 0.034375 0.02421875