9 0.5 0.5 1 1
11 0.8533961640625 0.8121403765625 0.88768055625 0.7821088796875 0.8868951718750001 0.7770057046875001 0.8370760578124999 0.7431743546875 0.693564484375 0.64395709375 0.610078703125 0.58625396875 0.547671296875 0.54358209375 0.4342929890625 0.46385193437499994 0.287656415625 0.3639479171875 0.240810515625 0.33156101250000003 0.1727655421875 0.28543452343750003 0.12117195781250001 0.252616071875 0.10887169375000001 0.257326884375 0.0963095234375 0.26086011875000004 0.0858409390625 0.263804315625 0.07511077968749999 0.2651783234375 0.25112698437500003 0.390866071875 0.4124454359375 0.503995784375 0.65580489375 0.6769012890624999 0.8465919312500001 0.8129253468750001 0.8533961640625 0.8121403765625
2 0.28671875 0.38984375 0.0328125 0.02421875
0 0.34140625 0.4265625 0.03515625 0.02421875
3 0.3953125 0.4640625 0.0390625 0.0234375
7 0.4515625 0.50390625 0.03828125 0.0265625
1 0.50859375 0.54453125 0.040625 0.02734375
10 0.56953125 0.58515625 0.04140625 0.02734375
6 0.6328125 0.6296875 0.0453125 0.028125
8 0.69765625 0.67578125 0.0421875 0.03046875
5 0.76640625 0.725 0.046875 0.02890625
4 0.840625 0.77578125 0.04453125 0.03046875