9 0.5 0.5 1 1
11 0.925928240625 0.5024650296875001 0.9238680562500001 0.4650736609375 0.0008240734374999999 0.47403521875 0.0012361109375 0.5101904765625 0.925928240625 0.5024650296875001
2 0.20859375 0.490625 0.046875 0.034375
0 0.28359375 0.490625 0.04453125 0.0328125
3 0.35859375 0.48984375 0.04765625 0.0328125
7 0.43515625 0.48984375 0.046875 0.03359375
1 0.5109375 0.4890625 0.04453125 0.034375
10 0.5875 0.4890625 0.04453125 0.03359375
6 0.6625 0.4875 0.046875 0.03359375
8 0.73984375 0.48671875 0.04609375 0.03359375
5 0.81796875 0.4859375 0.0453125 0.0359375
4 0.8984375 0.484375 0.0484375 0.0359375