9 0.5 0.5 1 1
11 0.0025489421875 0.8025307546875 0 0.8460947421875 0.706145503125 0.763126984375 0.9559408062499999 0.7355984624999999 0.9411570765624999 0.6927765375 0.0025489421875 0.8025307546875
2 0.17265625 0.80625 0.05078125 0.03671875
0 0.2546875 0.7953125 0.046875 0.03828125
3 0.33671875 0.78515625 0.04921875 0.03828125
7 0.41953125 0.77578125 0.04765625 0.0390625
1 0.5015625 0.76484375 0.0453125 0.03984375
10 0.58203125 0.75546875 0.046875 0.03984375
6 0.665625 0.74609375 0.04609375 0.040625
8 0.74921875 0.7375 0.046875 0.03984375
5 0.8328125 0.728125 0.0484375 0.03984375
4 0.92109375 0.71796875 0.0453125 0.04140625