9 0.5 0.5 1 1
11 0.175181878125 0.8898038187499999 0.233906084375 0.8938080359375 0.3515122359375 0.17346924531250002 0.291402446875 0.1666088796875 0.175181878125 0.8898038187499999
2 0.2171875 0.815625 0.0546875 0.03984375
0 0.22734375 0.75 0.0546875 0.040625
3 0.23828125 0.68359375 0.05546875 0.0421875
7 0.25078125 0.61484375 0.05625 0.0421875
1 0.2609375 0.54765625 0.05546875 0.03984375
10 0.2734375 0.4796875 0.05625 0.040625
6 0.28359375 0.409375 0.0578125 0.040625
8 0.29453125 0.33984375 0.0578125 0.0421875
5 0.30546875 0.26953125 0.05859375 0.04296875
4 0.3171875 0.19453125 0.05859375 0.04375