9 0.5 0.5 1 1
11 0.8099057546875 0.9193841765625 0.79577943125 0.5503239093750001 0.7808683859375 0.125888640625 0.7259328703125 0.12765426562499999 0.7447678578125 0.9193841765625 0.8099057546875 0.9193841765625
4 0.75390625 0.14609375 0.053125 0.034375
5 0.75625 0.2046875 0.0546875 0.034375
8 0.75703125 0.2625 0.05546875 0.03515625
6 0.75859375 0.32109375 0.05625 0.0390625
10 0.759375 0.384375 0.05703125 0.0390625
1 0.76015625 0.44609375 0.05859375 0.04140625
7 0.76328125 0.51171875 0.06015625 0.04453125
3 0.76640625 0.58046875 0.06015625 0.0453125
0 0.76875 0.65 0.0609375 0.04765625
2 0.77109375 0.7234375 0.059375 0.05078125