9 0.5 0.5 1 1
11 0.24314351875 0.5425560515625001 0.0007255296875 0.5583373015624999 0.0007255296875 0.5926212796875 0.3845598546875 0.5665002484375 0.909230159375 0.5311279765625 0.899072090625 0.4990208328125 0.58271693125 0.5207884421875 0.24314351875 0.5425560515625001
2 0.271875 0.55703125 0.04609375 0.02890625
0 0.34296875 0.55234375 0.04453125 0.03046875
3 0.41328125 0.54765625 0.04453125 0.03046875
7 0.4828125 0.54296875 0.04140625 0.03046875
1 0.5484375 0.53828125 0.04296875 0.03046875
10 0.61640625 0.534375 0.03984375 0.0296875
6 0.68203125 0.5296875 0.03984375 0.03046875
8 0.7484375 0.52578125 0.03984375 0.03046875
5 0.81484375 0.52109375 0.0375 0.03046875
4 0.8828125 0.5171875 0.03828125 0.03046875