9 0.5 0.5 1 1
11 0.4283597890625 0.2756813 0.3864986765625 0.27611135937500003 0.39846990781249997 0.40521205312499997 0.42586044999999995 0.72789459375 0.4558640875 0.7311612109375 0.44843022499999996 0.5861733625000001 0.4283597890625 0.2756813
2 0.41875 0.421875 0.0359375 0.02734375
0 0.42109375 0.4625 0.0296875 0.025
3 0.4234375 0.5 0.03203125 0.0234375
7 0.42734375 0.53671875 0.03203125 0.0234375
1 0.4296875 0.57109375 0.03203125 0.02265625
10 0.43203125 0.603125 0.03046875 0.02109375
6 0.434375 0.63515625 0.03046875 0.02109375
8 0.4359375 0.6640625 0.02890625 0.01875
5 0.43828125 0.69375 0.0296875 0.01875
4 0.43984375 0.7203125 0.02734375 0.015625