9 0.5 0.5 1 1
11 0.7982893515625 0.4425689484375 0.651112434375 0.44360689531249997 0.53623148125 0.4442991078125 0.4079709 0.4442991078125 0.194818121875 0.4442991078125 0.02537533125 0.4432609125 0.0244527109375 0.48478422656250003 0.1739365078125 0.4820158734375 0.40418750000000003 0.477863590625 0.59336739375 0.4747495046875 0.7987509921875 0.47163516874999994 0.7982893515625 0.4425689484375
2 0.22890625 0.4625 0.0515625 0.03359375
0 0.3046875 0.4609375 0.046875 0.0328125
3 0.37578125 0.46171875 0.0421875 0.0328125
7 0.4453125 0.4609375 0.0390625 0.0296875
1 0.50625 0.46015625 0.0375 0.0296875
10 0.565625 0.459375 0.03515625 0.0296875
6 0.62421875 0.45859375 0.034375 0.02890625
8 0.67890625 0.45859375 0.0328125 0.02734375
5 0.73046875 0.4578125 0.0296875 0.02890625
4 0.78203125 0.45703125 0.02890625 0.0265625