9 0.5 0.5 1 1
11 0.5017681875 0.806612846875 0.5488296953125 0.79874305625 0.3815671296875 0.0774241078125 0.33452480156250003 0.08232440468749999 0.5017681875 0.806612846875
2 0.40390625 0.26796875 0.03984375 0.034375
0 0.41796875 0.3265625 0.040625 0.034375
3 0.43359375 0.3875 0.0421875 0.034375
7 0.44453125 0.44375 0.04140625 0.03359375
1 0.45703125 0.50078125 0.03828125 0.0328125
10 0.46953125 0.55859375 0.03828125 0.0296875
6 0.48203125 0.6140625 0.03984375 0.03515625
8 0.4953125 0.6703125 0.0390625 0.0328125
5 0.50859375 0.72734375 0.0375 0.03046875
4 0.521875 0.7828125 0.0390625 0.03203125