9 0.5 0.5 1 1
11 0.1763171296875 0.2018938484375 0.00217691875 0.2106009421875 0.0014510578125 0.2579454359375 0.26266170624999996 0.24815005 0.954869378125 0.22583829375 0.9483392859374999 0.1872008921875 0.5187929890625 0.1980845734375 0.1763171296875 0.2018938484375
2 0.21953125 0.22578125 0.05859375 0.04609375
0 0.31640625 0.2234375 0.05625 0.0453125
3 0.40625 0.22109375 0.0515625 0.04375
7 0.49375 0.21875 0.0515625 0.04296875
1 0.57421875 0.21796875 0.046875 0.040625
10 0.65078125 0.215625 0.04375 0.03984375
6 0.72578125 0.2125 0.04375 0.03984375
8 0.79609375 0.2109375 0.040625 0.03828125
5 0.8640625 0.209375 0.0390625 0.0375
4 0.92890625 0.2078125 0.0375 0.0375