9 0.5 0.5 1 1
11 0.982329365625 0.3810942453125 0.6018406078125 0.51304290625 0.047181878125 0.7103110125 0.078521825 0.745955853125 0.30176719531249996 0.6664521328124999 0.70794808125 0.522883184375 0.9996693125 0.42000793593749997 0.9996693125 0.40256398750000005 0.982329365625 0.3810942453125
2 0.259375 0.65859375 0.0390625 0.034375
0 0.33671875 0.62890625 0.0453125 0.028125
3 0.4171875 0.60234375 0.04140625 0.0328125
7 0.49609375 0.57421875 0.04296875 0.0328125
1 0.5734375 0.546875 0.0421875 0.0328125
10 0.6515625 0.51953125 0.03984375 0.03359375
6 0.73125 0.49140625 0.03984375 0.0328125
8 0.80859375 0.4640625 0.0453125 0.03046875
5 0.8890625 0.43515625 0.04609375 0.0296875
4 0.96953125 0.40703125 0.0453125 0.02890625