9 0.5 0.5 1 1
11 0.7126775796875 0.5880838296875 0.8849064156249999 0.582447171875 0.993880621875 0.5791592265625 0.97509193125 0.5481579859375 0.8943260578125001 0.550506696875 0.6845446421875 0.5561431046875 0.5004163359375 0.5622495046875 0.31439616406250004 0.5692951390625 0.2229583328125 0.5735228171875 0.12901521093749999 0.5777502484375 0.0012526453125 0.5866748515625 0.00120238125 0.616266865625 0.296196428125 0.6002963796875 0.408928240625 0.5970084328125 0.550468915625 0.5918415171875 0.7126775796875 0.5880838296875
2 0.06875 0.59609375 0.03359375 0.02734375
0 0.1625 0.58984375 0.0390625 0.02890625
3 0.2546875 0.58515625 0.04453125 0.03046875
7 0.3546875 0.58046875 0.05 0.03046875
1 0.4484375 0.5765625 0.0546875 0.03046875
10 0.5453125 0.57421875 0.059375 0.0296875
6 0.63984375 0.57109375 0.05859375 0.03046875
8 0.73984375 0.5671875 0.05390625 0.03046875
5 0.840625 0.56484375 0.0453125 0.03046875
4 0.94765625 0.5625 0.03984375 0.03203125