9 0.5 0.5 1 1
11 0.7872136249999999 0.876363590625 0.8412817453124999 0.8754203875 0.8521405421875 0.157225446875 0.79726455 0.158256696875 0.7872136249999999 0.876363590625
2 0.81640625 0.7203125 0.05234375 0.0390625
0 0.81640625 0.66171875 0.053125 0.0390625
3 0.8171875 0.60390625 0.053125 0.03984375
7 0.81796875 0.54453125 0.05546875 0.0390625
1 0.81875 0.48515625 0.053125 0.03984375
10 0.81953125 0.4265625 0.053125 0.03984375
6 0.8203125 0.365625 0.053125 0.0390625
8 0.8203125 0.30546875 0.05390625 0.03984375
5 0.82265625 0.24296875 0.053125 0.03984375
4 0.82421875 0.17890625 0.05234375 0.040625