9 0.5 0.5 1 1
11 0.031215278125000002 0.38422321406250004 0.24696792343750001 0.3890431546875 0.8997341265625 0.404191715625 0.900652115625 0.367008928125 0.032133267187499995 0.3497946421875 0.031215278125000002 0.38422321406250004
2 0.215625 0.371875 0.04765625 0.03359375
0 0.28671875 0.3734375 0.0484375 0.03359375
3 0.35859375 0.37578125 0.04765625 0.034375
7 0.43046875 0.37734375 0.046875 0.03515625
1 0.5015625 0.378125 0.04765625 0.0359375
10 0.5734375 0.38046875 0.046875 0.034375
6 0.646875 0.38125 0.046875 0.03671875
8 0.71953125 0.3828125 0.0484375 0.0359375
5 0.79453125 0.38359375 0.046875 0.0359375
4 0.871875 0.38515625 0.046875 0.0359375