9 0.5 0.5 1 1
11 0 0.43679885937499996 0.413075065625 0.43214732187499993 0.9478025796875 0.4274955359375 0.9416001984375001 0.387490328125 0.671178571875 0.3898162203125 0 0.3940029765625 0 0.43679885937499996
2 0.09453125 0.4125 0.05234375 0.04140625
0 0.1828125 0.4125 0.05390625 0.040625
3 0.27265625 0.41171875 0.0546875 0.0421875
7 0.36328125 0.41171875 0.05625 0.04140625
1 0.4515625 0.4109375 0.05703125 0.04140625
10 0.540625 0.4109375 0.05703125 0.040625
6 0.63125 0.409375 0.0578125 0.040625
8 0.72109375 0.40859375 0.059375 0.0421875
5 0.8171875 0.40859375 0.05703125 0.03984375
4 0.91171875 0.40703125 0.053125 0.040625