9 0.5 0.5 1 1
11 0.8027754625 0.3675431546875 0.8158885578125 0.23690476249999998 0.8203961640624999 0.1904962796875 0.7704021156249999 0.1898814484375 0.7646650125 0.2495057046875 0.7601574078125 0.3100520828125 0.74704398125 0.47999950468749997 0.73188194375 0.7286815468750001 0.731472221875 0.7978392859375 0.73638955 0.8719270828125 0.7818759921875 0.8694682546875001 0.7777781078125 0.8119955359375 0.778597884375 0.725325396875 0.7835152109375 0.6266564984375 0.7933501984375 0.47790947343749995 0.8027754625 0.3675431546875
4 0.79375 0.21015625 0.0453125 0.0390625
5 0.7875 0.27421875 0.04296875 0.0359375
8 0.7828125 0.33359375 0.04375 0.03359375
6 0.778125 0.38984375 0.04296875 0.034375
10 0.77265625 0.4453125 0.04296875 0.0328125
1 0.76953125 0.49921875 0.0421875 0.03125
7 0.76640625 0.55234375 0.04296875 0.03125
3 0.76328125 0.60390625 0.040625 0.03203125
0 0.759375 0.653125 0.04296875 0.03125
2 0.75703125 0.70234375 0.04140625 0.03125