9 0.5 0.5 1 1
11 0.43496858437499997 0.2501483140625 0.4467658734375 0.2045126484375 0.44370568749999995 0.20196255000000002 0.40987533125000003 0.20247271875 0.4047751328125 0.20515005 0.397137896875 0.231378471875 0.397855159375 0.2350798609375 0.39543783125 0.2473174609375 0.3934232796875 0.247997271875 0.3847493390625 0.27806200468750003 0.3856557546875 0.2805548109375 0.3820300921875 0.2932455359375 0.3795119046875 0.293169890625 0.3708501984375 0.32467013906250003 0.372461640625 0.32678521875 0.3685334 0.339626984375 0.3669219578125 0.3399290671875 0.357454365625 0.3723358140625 0.359468915625 0.375055059375 0.3554401453125 0.3884255953125 0.35423148125 0.38895436562499996 0.3443607796875 0.421285465625 0.344965278125 0.4243826890625 0.34113789687499996 0.437451140625 0.339626984375 0.43737549531250003 0.32955489375 0.47189732187500005 0.3303607796875 0.474767609375 0.32633201093749997 0.48798710312500004 0.3249219578125 0.4880627484375 0.314144840625 0.5245483625 0.315152115625 0.5262103171875 0.311123346875 0.5411671625000001 0.30830324062500003 0.542224703125 0.297626984375 0.5786349203125 0.2985334 0.5806746031250001 0.2985334 0.583771578125 0.29420238125 0.5972177578125 0.292288690625 0.5980486109375 0.2829216265625 0.6383115078125 0.277785053125 0.6561388890625001 0.2760727515625 0.6559875984375 0.2650942453125 0.6960994546875 0.2653964953125 0.6968546625 0.2414123671875 0.7849637890625 0.25312896875 0.7885744046875 0.2669047625 0.793998759375 0.2851577375 0.8043303578125001 0.356447090625 0.5453380453125 0.39811871718749997 0.3910327375 0.43496858437499997 0.2501483140625
4 0.421875 0.21796875 0.034375 0.02578125
5 0.41015625 0.26328125 0.0328125 0.02734375
8 0.39765625 0.309375 0.03359375 0.02890625
6 0.3828125 0.35703125 0.03203125 0.0296875
10 0.37109375 0.40625 0.03515625 0.0296875
1 0.35859375 0.45625 0.03359375 0.03125
7 0.3421875 0.50859375 0.03515625 0.03203125
3 0.32578125 0.56328125 0.03671875 0.0328125
0 0.31015625 0.61953125 0.03515625 0.03359375
2 0.29375 0.6796875 0.03828125 0.034375