2 0.12421875 0.5875 0.0515625 0.0359375
11 0.09065707656250001 0.569330109375 0.00087169375 0.5732519843749999 0.00087169375 0.612144096875 0.242722553125 0.60299305625 0.8964606484375001 0.5810957343750001 0.8925386906250001 0.5408963296875 0.47986706406249996 0.5552765375 0.09065707656250001 0.569330109375
9 0.5 0.5 1 1
0 0.20390625 0.58515625 0.0515625 0.0359375
3 0.2828125 0.5828125 0.0515625 0.0359375
7 0.36484375 0.5796875 0.0515625 0.0359375
1 0.44609375 0.5765625 0.0515625 0.0359375
10 0.5265625 0.5734375 0.0515625 0.0359375
6 0.60859375 0.57109375 0.0515625 0.0359375
8 0.69296875 0.56953125 0.0515625 0.0359375
5 0.77734375 0.565625 0.0515625 0.0359375
4 0.8640625 0.5640625 0.0515625 0.0359375