9 0.5 0.5 1 1
11 0.3362678578125 0.0036728671875 0.39421693125 0.29198983125 0.47746759218749996 0.6966130953125 0.5264388234374999 0.690491815625 0.4497172625 0.3091297125 0.38523875625000004 0.001836309375 0.3362678578125 0.0036728671875
2 0.39296875 0.1640625 0.040625 0.03046875
0 0.4046875 0.2265625 0.03828125 0.03046875
3 0.4171875 0.28515625 0.03828125 0.03125
7 0.4296875 0.3453125 0.03984375 0.0296875
1 0.440625 0.40234375 0.03828125 0.0296875
10 0.4546875 0.45625 0.03515625 0.02734375
6 0.4640625 0.5125 0.03359375 0.02578125
8 0.4765625 0.56640625 0.0359375 0.02734375
5 0.48515625 0.61875 0.03671875 0.028125
4 0.496875 0.67421875 0.03671875 0.03046875