9 0.5 0.5 1 1
11 0.9154255953125 0.5518125 0.91436441875 0.5136009421875001 0.002838625 0.5056401296875 0.002838625 0.5406674109375 0.9154255953125 0.5518125
2 0.215625 0.52578125 0.0484375 0.0359375
0 0.28984375 0.52578125 0.04609375 0.03671875
3 0.3640625 0.5265625 0.04453125 0.03515625
7 0.4390625 0.5265625 0.04609375 0.0359375
1 0.51328125 0.528125 0.05078125 0.03671875
10 0.58515625 0.52890625 0.0484375 0.03671875
6 0.659375 0.5296875 0.04765625 0.0359375
8 0.73515625 0.53046875 0.0484375 0.03671875
5 0.8109375 0.53125 0.04765625 0.03671875
4 0.88984375 0.53203125 0.04609375 0.03671875