9 0.5 0.5 1 1
11 0.461516534375 0.3180954859375 0.45824503906249997 0.3162080859375 0.41697552968749996 0.31413194375 0.4144589953125 0.315453125 0.341733465625 0.955180803125 0.3500380296875 0.95442584375 0.3578389546875 0.95442584375 0.366394840625 0.9548033234375 0.37620899531249996 0.9566904765625001 0.385519840625 0.9576341765624999 0.461516534375 0.3180954859375
4 0.4359375 0.33359375 0.0421875 0.03203125
5 0.42890625 0.3890625 0.040625 0.03125
8 0.42421875 0.44375 0.04140625 0.03125
6 0.41875 0.49765625 0.04375 0.03125
10 0.41171875 0.55078125 0.04296875 0.03125
1 0.4046875 0.60546875 0.04140625 0.0296875
7 0.39921875 0.65859375 0.04140625 0.0296875
3 0.39375 0.71328125 0.04375 0.03125
0 0.384375 0.7671875 0.03828125 0.03046875
2 0.378125 0.82109375 0.0390625 0.03046875