9 0.5 0.5 1 1
11 0.134056878125 0.7633784718750001 0.18569345312500002 0.7954032734375 0.662339615625 0.3217361109375 0.634535053125 0.3008829359375 0.134056878125 0.7633784718750001
2 0.29296875 0.6546875 0.04375 0.03125
0 0.34609375 0.603125 0.040625 0.02890625
3 0.39375 0.5578125 0.0390625 0.028125
7 0.43828125 0.51484375 0.03515625 0.02578125
1 0.4765625 0.47578125 0.0328125 0.02265625
10 0.51328125 0.440625 0.02578125 0.02421875
6 0.54609375 0.40625 0.02578125 0.021875
8 0.578125 0.37578125 0.02890625 0.01796875
5 0.60703125 0.346875 0.0203125 0.021875
4 0.6375 0.31953125 0.021875 0.0203125