9 0.5 0.5 1 1
11 0.211692790625 0.8001312 0.2596851859375 0.8255260421875 0.4370181875 0.6303172125 0.7568740078125 0.2821259921875 0.7180324078125 0.2706009421875 0.48038558125 0.516380953125 0.211692790625 0.8001312
2 0.334375 0.70546875 0.040625 0.02890625
0 0.3890625 0.646875 0.04453125 0.0265625
3 0.4390625 0.59453125 0.04375 0.02890625
7 0.4859375 0.54375 0.046875 0.0234375
1 0.52890625 0.496875 0.03984375 0.02421875
10 0.571875 0.45234375 0.04140625 0.0234375
6 0.61328125 0.40625 0.04296875 0.02265625
8 0.65234375 0.3671875 0.0375 0.02265625
5 0.68984375 0.32578125 0.0375 0.0203125
4 0.7265625 0.28828125 0.03671875 0.01953125