9 0.5 0.5 1 1
11 0.0286296296875 0.8652497515625001 0.0814398140625 0.8978268843749999 0.6808115078125 0.37841170625 0.6479408062500001 0.3589275796875 0.5397843921875001 0.4468045640625 0.19358895468749998 0.7291798109375 0.0286296296875 0.8652497515625001
2 0.253125 0.715625 0.05234375 0.0265625
0 0.31171875 0.66484375 0.04609375 0.028125
3 0.3671875 0.61875 0.04296875 0.028125
7 0.41953125 0.57421875 0.0375 0.02734375
1 0.465625 0.53515625 0.0359375 0.02421875
10 0.50625 0.49921875 0.03359375 0.02265625
6 0.54765625 0.465625 0.0359375 0.0203125
8 0.58359375 0.434375 0.0390625 0.01640625
5 0.61875 0.4046875 0.03515625 0.01796875
4 0.6515625 0.3765625 0.03046875 0.015625