9 0.5 0.5 1 1
11 0.038842592187500004 0.8084099703125001 0.7804345234375 0.2866314484375 0.7442404093749999 0.259485615625 0.5094196421875 0.42103521875 0.003531084375 0.76802256875 0.038842592187500004 0.8084099703125001
2 0.18984375 0.6703125 0.0515625 0.0265625
0 0.26015625 0.621875 0.05 0.02734375
3 0.328125 0.57578125 0.046875 0.0265625
7 0.3921875 0.5296875 0.04921875 0.02421875
1 0.45390625 0.48828125 0.05078125 0.0234375
10 0.515625 0.4453125 0.0453125 0.02578125
6 0.5734375 0.40390625 0.05234375 0.0203125
8 0.63046875 0.3640625 0.04765625 0.0203125
5 0.68671875 0.32421875 0.04453125 0.021875
4 0.74296875 0.2859375 0.0453125 0.02109375