9 0.5 0.5 1 1
11 0.7371726187500001 0.346714534375 0.7084216265625 0.3173745046875 0.0028280421875 0.6741138390625 0.030636243749999997 0.6981515375 0.7371726187500001 0.346714534375
2 0.17421875 0.60546875 0.02890625 0.02578125
0 0.2265625 0.58046875 0.0265625 0.0265625
3 0.2796875 0.55390625 0.03359375 0.0234375
7 0.334375 0.52578125 0.03203125 0.02578125
1 0.390625 0.49921875 0.03203125 0.02578125
10 0.45 0.4703125 0.0359375 0.02421875
6 0.50859375 0.43984375 0.03515625 0.02421875
8 0.56953125 0.41015625 0.0359375 0.02578125
5 0.6328125 0.37734375 0.03671875 0.02578125
4 0.6984375 0.34375 0.03828125 0.02578125