9 0.5 0.5 1 1
11 0.653959325 0.5205605156249999 0.630406415625 0.5010411703125001 0.1324804890625 0.794612103125 0.1774672625 0.8338608625000001 0.653959325 0.5205605156249999
2 0.321875 0.7078125 0.02890625 0.0265625
0 0.37421875 0.67578125 0.034375 0.01953125
3 0.41796875 0.64609375 0.028125 0.01875
7 0.46015625 0.61953125 0.0265625 0.0140625
1 0.4953125 0.59765625 0.021875 0.01640625
10 0.528125 0.58046875 0.0171875 0.0125
6 0.559375 0.5625 0.01328125 0.0125
8 0.5859375 0.5453125 0.01328125 0.01171875
5 0.6109375 0.52734375 0.01640625 0.0125
4 0.634375 0.51640625 0.01328125 0.01171875