9 0.5 0.5 1 1
11 0.706289021875 0.2863407734375 0.6688339953125 0.271861359375 0.24397420625000002 0.85148040625 0.3014265875 0.8744610609375 0.706289021875 0.2863407734375
2 0.6109375 0.38671875 0.03671875 0.0171875
0 0.58671875 0.42109375 0.040625 0.01796875
3 0.559375 0.459375 0.04140625 0.0171875
7 0.53203125 0.50078125 0.04140625 0.01796875
1 0.49921875 0.54453125 0.04609375 0.01875
10 0.465625 0.59375 0.04609375 0.01953125
6 0.42734375 0.64375 0.04765625 0.021875
8 0.38671875 0.70234375 0.0515625 0.02578125
5 0.34140625 0.76484375 0.05703125 0.02578125
4 0.29453125 0.83359375 0.05390625 0.03125