9 0.5 0.5 1 1
11 0.2990853171875 0.8392157734374999 0.2957658734375 0.8834084828125001 0.3567566140625 0.887665675 0.397950396875 0.4473596234375 0.42865840000000005 0.08625669687500001 0.3747321421875 0.08625669687500001 0.3515138890625 0.3395084328125 0.2990853171875 0.8392157734374999
2 0.34296875 0.7140625 0.05390625 0.04296875
0 0.35 0.64140625 0.0515625 0.04453125
3 0.35625 0.571875 0.05390625 0.04296875
7 0.3640625 0.5015625 0.05390625 0.0421875
1 0.3703125 0.43515625 0.05 0.04296875
10 0.37734375 0.36875 0.04765625 0.03984375
6 0.38125 0.303125 0.04765625 0.0390625
8 0.38671875 0.2390625 0.04921875 0.0390625
5 0.39375 0.17421875 0.05 0.03671875
4 0.39921875 0.10859375 0.05234375 0.03828125