9 0.5 0.5 1 1
11 0.1770916 0.3786192953125 0.2362619046875 0.3771287203125 0.26549305625 0.376290178125 0.32605489374999996 0.375917659375 0.543450396875 0.3720047125 0.7069199734375 0.3679985125 0.9142612437500001 0.3633405265625 0.91600033125 0.361290675 0.9156276453125001 0.31524528749999997 0.914633928125 0.313009425 0.91252215625 0.31226413750000004 0.8446987437500001 0.3141272328125 0.8419659390625001 0.3162700890625 0.8083025796875001 0.3174811515625 0.8074332015625 0.31552480156249996 0.7450056218750001 0.3161768359375 0.7395400125 0.317947171875 0.7379252640625 0.31906497968749997 0.70550396875 0.3203692953125 0.70550396875 0.31850595312499996 0.6402070109375 0.3196240078125 0.6378468921875 0.3222326390625 0.6081584 0.322884671875 0.606791996875 0.3212078375 0.5441111109375 0.32307118125 0.54187533125 0.3248412703125 0.5123111765624999 0.3257728171875 0.5123111765624999 0.324748015625 0.45025628281249996 0.325493303125 0.4478961640625 0.32679761875 0.419450065625 0.3276361609375 0.41733829375 0.3261455859375 0.35501289687500004 0.32754290625000004 0.35352215625 0.32912673593749997 0.32594543593749997 0.3296857640625 0.32370965625000003 0.3281951890625 0.2643925265625 0.32940625 0.26277777812499997 0.330710565625 0.234704365625 0.33136259843750004 0.23147453750000002 0.3296857640625 0.1706296296875 0.33126959375 0.1706296296875 0.33276016875000003 0.14429530468750001 0.33294642812499997 0.1437982796875 0.33201488125 0.08625529062500001 0.332853421875 0.0836464953125 0.33425074375 0.0574365078125 0.3345302578125 0.054952049999999995 0.333319196875 0.0001243390625 0.33464583281250004 0.0001243390625 0.380855159375 0.0847172625 0.37880555625 0.1466577375 0.3789920640625 0.1474031078125 0.377501240625 0.170880621875 0.3780602671875 0.1770916 0.3786192953125
2 0.02734375 0.35703125 0.0546875 0.04453125
0 0.1140625 0.35625 0.05859375 0.04140625
3 0.203125 0.35546875 0.05859375 0.04140625
7 0.2953125 0.353125 0.05859375 0.04140625
1 0.38671875 0.3515625 0.05859375 0.04140625
10 0.48125 0.3484375 0.05859375 0.04296875
6 0.5765625 0.34765625 0.059375 0.04296875
8 0.67265625 0.34453125 0.06015625 0.04453125
5 0.77421875 0.34140625 0.0640625 0.04453125
4 0.88125 0.33984375 0.06484375 0.04609375