9 0.5 0.5 1 1
11 0.9164454359375 0.322146578125 0.9158941796875 0.283273809375 0.00110284375 0.297334325 0.00055125625 0.338274553125 0.9164454359375 0.322146578125
2 0.1765625 0.31484375 0.05546875 0.03828125
0 0.26015625 0.31484375 0.05234375 0.0375
3 0.340625 0.31328125 0.0515625 0.0390625
7 0.4234375 0.3125 0.04921875 0.03828125
1 0.4984375 0.31015625 0.04765625 0.03984375
10 0.57890625 0.309375 0.046875 0.0375
6 0.65625 0.3078125 0.04921875 0.03984375
8 0.7328125 0.30625 0.05 0.0375
5 0.81171875 0.3046875 0.0484375 0.0375
4 0.8890625 0.30234375 0.0484375 0.0375