9 0.5 0.5 1 1
11 0.6493835984375 0.0888484625 0.5929424609375 0.08791790625 0.588600859375 0.1563452375 0.5563488750000001 0.78347495 0.550766865625 0.9332611609375 0.6084484125 0.9309352671875001 0.6493835984375 0.0888484625
2 0.61171875 0.2671875 0.05390625 0.04296875
0 0.60859375 0.33671875 0.0546875 0.0421875
3 0.60546875 0.40546875 0.05703125 0.04453125
7 0.6015625 0.47421875 0.05625 0.04296875
1 0.5984375 0.54375 0.05625 0.04375
10 0.59453125 0.61328125 0.0546875 0.04453125
6 0.59140625 0.68515625 0.0578125 0.04765625
8 0.5890625 0.75859375 0.05625 0.046875
5 0.5859375 0.83046875 0.05625 0.0453125
4 0.58203125 0.90703125 0.05625 0.04453125