9 0.5 0.5 1 1
11 0.00046461562500000003 0.541230903125 0.0010849875 0.574258184375 0.42350066093749994 0.39237500000000003 0.688340278125 0.2746857640625 0.6647711640625 0.25793948437499997 0.39880853125 0.37363516875 0.00046461562500000003 0.541230903125
2 0.2296875 0.46015625 0.0296875 0.0171875
0 0.28359375 0.4359375 0.028125 0.01640625
3 0.33515625 0.4140625 0.03046875 0.01640625
7 0.38828125 0.3921875 0.02890625 0.015625
1 0.43828125 0.37109375 0.02578125 0.0171875
10 0.48515625 0.35078125 0.025 0.015625
6 0.53125 0.3296875 0.02265625 0.0171875
8 0.5765625 0.309375 0.0265625 0.015625
5 0.6203125 0.290625 0.02265625 0.01640625
4 0.665625 0.271875 0.02265625 0.01796875