9 0.5 0.5 1 1
11 0.6268045640625 0.4928115078125 0.29822321406249996 0.707438740625 0.04644874375 0.879513640625 0.0556236765625 0.8954265875 0.060211309375 0.9225218249999999 0.412876984375 0.6709077375 0.8630618390624999 0.37453943437500004 0.8120254625 0.3710989578125 0.6268045640625 0.4928115078125
2 0.275 0.74296875 0.0421875 0.0234375
0 0.3578125 0.6875 0.040625 0.021875
3 0.43046875 0.63515625 0.0421875 0.01796875
7 0.50078125 0.590625 0.04296875 0.01640625
1 0.5671875 0.5453125 0.04296875 0.01640625
6 0.67890625 0.4734375 0.04296875 0.01640625
8 0.73046875 0.43984375 0.03359375 0.01640625
5 0.7828125 0.4078125 0.03046875 0.01640625
4 0.825 0.37890625 0.03046875 0.0125
10 0.6265625 0.51015625 0.034375 0.01640625