9 0.5 0.5 1 1
11 0.7337870375 0.223032490625 0.701976190625 0.20474131875 0.258196428125 0.6449610609375 0.28682605781250003 0.66166170625 0.7337870375 0.223032490625
2 0.36015625 0.56796875 0.03203125 0.01875
0 0.39453125 0.53359375 0.03359375 0.01796875
3 0.43046875 0.496875 0.03046875 0.01875
7 0.46796875 0.4609375 0.03125 0.0171875
1 0.5046875 0.4234375 0.03515625 0.01875
10 0.54296875 0.3859375 0.0328125 0.0203125
6 0.58203125 0.34765625 0.03125 0.01875
8 0.621875 0.30859375 0.03125 0.021875
5 0.66328125 0.2671875 0.0359375 0.01953125
4 0.7046875 0.22578125 0.03203125 0.0203125