9 0.5 0.5 1 1
11 0.258583003125 0.1957924109375 0.26319709062499996 0.29957341249999997 0.2755013234375 0.591462053125 0.288459325 0.934957340625 0.351634590625 0.9342499999999999 0.3431752640625 0.7918390375000001 0.3347162703125 0.5768645828125 0.3193356484375 0.292930803125 0.311645503125 0.1929094734375 0.258583003125 0.1957924109375
2 0.31015625 0.7640625 0.0546875 0.04375
0 0.30859375 0.6921875 0.05390625 0.04453125
3 0.30546875 0.625 0.05390625 0.04140625
7 0.30390625 0.55859375 0.05078125 0.0390625
1 0.3015625 0.496875 0.04765625 0.03984375
10 0.2984375 0.43828125 0.04765625 0.03515625
6 0.2953125 0.37734375 0.04765625 0.0359375
8 0.29453125 0.32109375 0.0484375 0.034375
5 0.28984375 0.26875 0.05078125 0.03359375
4 0.2859375 0.21328125 0.0453125 0.0328125