9 0.5 0.5 1 1
11 0.1145320765625 0.53872569375 0.3586789015625 0.528120784375 0.857869709375 0.5083251484375 0.8493859125000001 0.48428744999999995 0.11783134843750001 0.5136274796875 0.1145320765625 0.53872569375
2 0.375 0.51484375 0.034375 0.021875
4 0.83515625 0.49765625 0.02890625 0.021875
0 0.42734375 0.5125 0.03515625 0.021875
3 0.47890625 0.51015625 0.03515625 0.021875
7 0.53203125 0.50859375 0.034375 0.02265625
1 0.58203125 0.50703125 0.0328125 0.02265625
10 0.63359375 0.50546875 0.03203125 0.02109375
6 0.6828125 0.503125 0.03125 0.021875
8 0.734375 0.5015625 0.03125 0.02265625
5 0.784375 0.5 0.03125 0.021875