9 0.5 0.5 1 1
11 0.2969146828125 0.14031299531250002 0.32300727500000004 0.40169146875 0.35997189218750003 0.8749811515625 0.4165062828125 0.871720734375 0.40418485468750004 0.7152197421875 0.39331283125 0.5779985125 0.3773670640625 0.3821381453125 0.3541736109375 0.138139384375 0.2969146828125 0.14031299531250002
2 0.378125 0.7453125 0.05546875 0.03984375
0 0.3734375 0.6796875 0.05390625 0.04140625
3 0.3671875 0.61328125 0.05 0.040625
7 0.36328125 0.546875 0.05234375 0.04296875
1 0.3578125 0.48125 0.05078125 0.0421875
10 0.35234375 0.41875 0.0515625 0.03984375
6 0.34765625 0.35546875 0.05 0.03984375
8 0.33984375 0.29140625 0.05 0.04140625
5 0.3359375 0.22734375 0.05546875 0.03984375
4 0.32734375 0.159375 0.05 0.0421875