9 0.5 0.5 1 1
11 0.4580181875 0.121491071875 0.4073260578125 0.1228328375 0.3554411375 0.8037681046875 0.4073260578125 0.8064516375 0.4580181875 0.121491071875
2 0.38984375 0.68984375 0.04921875 0.0390625
0 0.39453125 0.6265625 0.04921875 0.0390625
3 0.4 0.565625 0.05 0.040625
7 0.40546875 0.503125 0.05 0.0390625
1 0.41015625 0.44296875 0.04921875 0.0390625
10 0.41484375 0.38359375 0.04921875 0.0390625
6 0.41875 0.32265625 0.05 0.03828125
8 0.42265625 0.26328125 0.04921875 0.03828125
5 0.4265625 0.203125 0.0484375 0.0375
4 0.43203125 0.1421875 0.0484375 0.03671875