9 0.5 0.5 1 1
11 0.446916996875 0.49124305625 0.6470760578125 0.4336498015625 0.8100542328125 0.38661011875 0.9808667328125 0.3360736609375 0.9842222218750001 0.3307046125 0.969233796875 0.2971041671875 0.9620750656249999 0.294251984375 0.734560515625 0.3617008921875 0.49792327968750005 0.432565971875 0.4227202375 0.4538745046875 0.24985879687499998 0.5049107140625 0.0190155421875 0.5729806546875 0.0248320109375 0.5793563984375 0.032214285937499997 0.5870744046875 0.0404917328125 0.599490328125 0.04317625625 0.6073762406250001 0.273598875 0.5407661203125 0.446916996875 0.49124305625
2 0.2375 0.53046875 0.03671875 0.03125
0 0.3125 0.50859375 0.03828125 0.03125
3 0.38359375 0.48984375 0.0390625 0.028125
7 0.46015625 0.46640625 0.03671875 0.0296875
1 0.5359375 0.44375 0.04375 0.028125
10 0.6109375 0.421875 0.04296875 0.03046875
6 0.6921875 0.39921875 0.0421875 0.03125
8 0.77421875 0.3734375 0.04453125 0.034375
5 0.85546875 0.35078125 0.04140625 0.0328125
4 0.94609375 0.32421875 0.04921875 0.0296875