9 0.5 0.5 1 1
11 0.7834249343749999 0.42192881875 0.7610892859375 0.39419692500000003 0.04810284375 0.67404613125 0.071505953125 0.7054533734375 0.7834249343749999 0.42192881875
2 0.20859375 0.63046875 0.03515625 0.02734375
0 0.27578125 0.60390625 0.03515625 0.0265625
3 0.33984375 0.578125 0.034375 0.0265625
7 0.40546875 0.55234375 0.034375 0.025
1 0.465625 0.528125 0.03359375 0.025
10 0.52578125 0.5046875 0.03046875 0.02578125
6 0.584375 0.48125 0.02890625 0.02578125
8 0.64140625 0.45859375 0.028125 0.0265625
5 0.6984375 0.4359375 0.0296875 0.0265625
4 0.75390625 0.41484375 0.028125 0.02421875