9 0.5 0.5 1 1
11 0.42822519843749995 0.11784573437500001 0.4592318125 0.796756696875 0.4646789015625 0.8992038687499999 0.5124457671875 0.8982611609375001 0.479343915625 0.1165887890625 0.42822519843749995 0.11784573437500001
2 0.465625 0.38359375 0.04921875 0.0359375
0 0.46796875 0.43984375 0.046875 0.034375
3 0.47109375 0.49296875 0.0484375 0.03515625
7 0.4734375 0.54921875 0.04765625 0.03515625
1 0.47578125 0.603125 0.04765625 0.034375
10 0.478125 0.6578125 0.04765625 0.0328125
6 0.48046875 0.71328125 0.046875 0.034375
8 0.48203125 0.76796875 0.04765625 0.03359375
5 0.484375 0.8234375 0.046875 0.0328125
4 0.4875 0.8796875 0.04609375 0.034375