9 0.5 0.5 1 1
11 0.4616405421875 0.8650265375 0.50260648125 0.8640952375 0.4914338625 0.18983829375 0.44962533125000004 0.1897740578125 0.4616405421875 0.8650265375
2 0.475 0.41484375 0.040625 0.03203125
0 0.47578125 0.46171875 0.03984375 0.03203125
3 0.4765625 0.50859375 0.03984375 0.03203125
6 0.4765625 0.55703125 0.040625 0.0296875
10 0.47734375 0.60390625 0.03984375 0.03125
1 0.47734375 0.653125 0.0390625 0.03046875
7 0.478125 0.70078125 0.0390625 0.03125
8 0.47890625 0.74921875 0.040625 0.03125
5 0.4796875 0.79765625 0.04140625 0.0328125
4 0.4796875 0.8484375 0.0421875 0.03203125