9 0.5 0.5 1 1
11 0.6828703703125 0.9486607140625001 0.340608465625 0.1426091265625 0.284391534375 0.15873015937499999 0.6299603171875 0.968501984375 0.6828703703125 0.9486607140625001
2 0.39296875 0.33828125 0.05625 0.0296875
0 0.42265625 0.40703125 0.05390625 0.03203125
3 0.45234375 0.475 0.05390625 0.03125
7 0.48046875 0.5421875 0.053125 0.03046875
1 0.50859375 0.609375 0.05234375 0.03203125
10 0.53671875 0.6765625 0.046875 0.0375
6 0.565625 0.74375 0.04609375 0.0390625
8 0.59296875 0.80703125 0.0515625 0.03046875
5 0.6203125 0.871875 0.04921875 0.0328125
4 0.64765625 0.93671875 0.05 0.03046875