9 0.5 0.5 1 1
11 0.979117725 0.1388725203125 0.9752576062499999 0.0943045640625 0.620902446875 0.1058807046875 0.43253042343750003 0.1151416171875 0.2395264546875 0.1220873015625 0.0020906078125 0.13565872968749998 0.0006686515625000001 0.1858209328125 0.2562599203125 0.171601190625 0.4386960984375 0.1627986109375 0.5452678578125 0.15941319375000002 0.8144064156249999 0.14722495 0.979117725 0.1388725203125
2 0.10234375 0.153125 0.0578125 0.04296875
0 0.2046875 0.14765625 0.05390625 0.04140625
3 0.296875 0.1421875 0.04609375 0.04453125
7 0.39453125 0.1390625 0.0515625 0.04765625
1 0.48828125 0.1359375 0.05234375 0.04375
10 0.5828125 0.13203125 0.04921875 0.04296875
6 0.67578125 0.128125 0.05234375 0.0453125
8 0.7671875 0.12421875 0.05234375 0.0453125
5 0.85703125 0.12109375 0.0546875 0.04375
4 0.946875 0.11640625 0.05390625 0.0421875