9 0.5 0.5 1 1
11 0.6547619046875 0.1202876984375 0.5985449734375 0.1140873015625 0.25628306875 0.94990079375 0.33399470937500003 0.9709821421875 0.6547619046875 0.1202876984375
2 0.378125 0.74921875 0.06171875 0.05
0 0.4125 0.66171875 0.05703125 0.04609375
3 0.44296875 0.58046875 0.059375 0.04140625
7 0.47421875 0.50625 0.06015625 0.03671875
1 0.50234375 0.4359375 0.05546875 0.03671875
10 0.528125 0.3703125 0.0546875 0.0359375
6 0.553125 0.30625 0.05234375 0.03515625
8 0.57578125 0.24765625 0.05 0.03125
5 0.5984375 0.18984375 0.05234375 0.02734375
4 0.61953125 0.134375 0.04921875 0.03046875