9 0.5 0.5 1 1
11 0.0634642859375 0.8659662703125001 0.126818453125 0.893243303125 0.2277218921875 0.7431287203125 0.5712896828125 0.24971949375000002 0.527730159375 0.23483209375 0.156648478125 0.7369340281250001 0.0634642859375 0.8659662703125001
4 0.53984375 0.2578125 0.03515625 0.02421875
5 0.51484375 0.29296875 0.0375 0.0265625
8 0.48515625 0.33359375 0.040625 0.02578125
6 0.45625 0.37578125 0.04296875 0.0265625
10 0.425 0.42265625 0.04296875 0.02734375
1 0.38984375 0.4703125 0.04375 0.0296875
7 0.3515625 0.521875 0.04765625 0.0296875
3 0.31015625 0.578125 0.04609375 0.0359375
0 0.26640625 0.64140625 0.04609375 0.03828125
2 0.21484375 0.70859375 0.04765625 0.0390625