9 0.5 0.5 1 1
11 0.894069775 0.542051090625 0.906277778125 0.5126438484375 0.20520469531250002 0.514402034375 0.0016028437499999999 0.5156041671875 0.00240443125 0.5453571421875 0.1370436515625 0.5444553578125 0.2352182546875 0.5438544140625 0.4171498015625 0.5417504953125001 0.5830525796875 0.5408489578125 0.894069775 0.542051090625
2 0.09609375 0.53203125 0.0390625 0.02421875
0 0.184375 0.53203125 0.04296875 0.02578125
3 0.2703125 0.53359375 0.0453125 0.02578125
7 0.36171875 0.53203125 0.04609375 0.02578125
1 0.44609375 0.53046875 0.0515625 0.02578125
10 0.53046875 0.52890625 0.0515625 0.02578125
6 0.6125 0.53046875 0.05078125 0.0234375
8 0.6984375 0.53046875 0.04296875 0.02421875
5 0.78359375 0.53046875 0.0390625 0.02578125
4 0.87265625 0.53046875 0.03671875 0.02265625