9 0.5 0.5 1 1
11 0.1802288359375 0.11166641875000001 0.12518882343749999 0.11328521875 0.1679163359375 0.8569409718750001 0.21462996093750003 0.8559942953125 0.1802288359375 0.11166641875000001
4 0.15546875 0.13125 0.04765625 0.03671875
5 0.159375 0.19921875 0.04765625 0.03984375
8 0.1625 0.26796875 0.04765625 0.040625
6 0.165625 0.33203125 0.046875 0.03828125
10 0.16953125 0.39609375 0.04453125 0.03515625
1 0.1734375 0.46015625 0.04765625 0.0390625
7 0.17578125 0.5203125 0.04375 0.03515625
3 0.17734375 0.58203125 0.04140625 0.034375
0 0.1796875 0.6421875 0.04296875 0.03359375
2 0.1828125 0.70078125 0.04609375 0.03359375