9 0.5 0.5 1 1
11 0.8683260578124999 0.908951140625 0.850959325 0.703818453125 0.81312533125 0.20743055625 0.7647470234375 0.20789583281250001 0.8050621687499999 0.9098814484375 0.8683260578124999 0.908951140625
4 0.790625 0.225 0.0484375 0.03046875
5 0.79296875 0.2734375 0.05 0.03203125
8 0.79453125 0.32265625 0.05 0.03125
6 0.7984375 0.3734375 0.05078125 0.0328125
10 0.8015625 0.428125 0.053125 0.0359375
1 0.80546875 0.48203125 0.0515625 0.03671875
7 0.81015625 0.540625 0.05390625 0.03828125
3 0.81484375 0.60234375 0.053125 0.0390625
0 0.8203125 0.66640625 0.05546875 0.04375
2 0.82421875 0.734375 0.0546875 0.04765625