9 0.5 0.5 1 1
11 0.8666369046875 0.9549982640625 0.933776125 0.9497891859375001 0.82727943125 0.48494246093750004 0.7585965609375 0.1654174109375 0.7007179234375001 0.175835565625 0.780976521875 0.5624650296875 0.8666369046875 0.9549982640625
4 0.7328125 0.190625 0.04921875 0.03359375
5 0.74765625 0.25703125 0.05390625 0.03671875
8 0.7625 0.32109375 0.05390625 0.0359375
6 0.77421875 0.3875 0.05078125 0.03828125
10 0.78984375 0.45546875 0.053125 0.0390625
1 0.80390625 0.52265625 0.05625 0.04140625
7 0.81875 0.59296875 0.0578125 0.04296875
3 0.83515625 0.665625 0.05546875 0.04375
0 0.8515625 0.7375 0.05625 0.04609375
2 0.86875 0.8140625 0.06015625 0.04765625