9 0.5 0.5 1 1
11 0 0.65428521875 0.929347553125 0.5738608625 0.9148263890624999 0.5587814984375 0 0.6308281250000001 0 0.65428521875
2 0.203125 0.62109375 0.0421875 0.02109375
0 0.28125 0.6140625 0.0453125 0.01953125
3 0.3578125 0.60703125 0.04765625 0.02265625
7 0.434375 0.60234375 0.05 0.021875
1 0.509375 0.596875 0.05 0.021875
10 0.5859375 0.59296875 0.046875 0.021875
6 0.66328125 0.58671875 0.04140625 0.02265625
8 0.73984375 0.58046875 0.0375 0.021875
5 0.81640625 0.5765625 0.0390625 0.02265625
4 0.896875 0.57109375 0.034375 0.02109375