9 0.5 0.5 1 1
11 0.9168320109374999 0.831457340625 0.9140413359374999 0.7974454359375 0.10813988125 0.793259425 0.10744246093750001 0.826748015625 0.9168320109374999 0.831457340625
2 0.29296875 0.81171875 0.03671875 0.02890625
0 0.3578125 0.81171875 0.03671875 0.03046875
3 0.421875 0.81171875 0.0390625 0.03125
7 0.48671875 0.81171875 0.0390625 0.03125
1 0.553125 0.81171875 0.03828125 0.03046875
10 0.61875 0.81171875 0.03984375 0.02890625
6 0.6859375 0.8125 0.0375 0.03046875
8 0.75546875 0.81328125 0.04140625 0.03203125
5 0.8234375 0.8140625 0.03671875 0.03046875
4 0.89375 0.8140625 0.0390625 0.03046875