9 0.5 0.5 1 1
11 0.621693121875 0.688244046875 0.677910053125 0.69072420625 0.6514550265625 0.047123015625 0.60681216875 0.047123015625 0.621693121875 0.688244046875
2 0.63203125 0.14296875 0.04765625 0.034375
0 0.63359375 0.19921875 0.046875 0.0359375
3 0.6359375 0.2546875 0.05 0.0359375
7 0.63671875 0.31171875 0.05 0.0375
1 0.63828125 0.36796875 0.05078125 0.03828125
10 0.63984375 0.4265625 0.05078125 0.0390625
6 0.64140625 0.48515625 0.05 0.0390625
8 0.64296875 0.54375 0.05078125 0.040625
5 0.6453125 0.6046875 0.0515625 0.040625
4 0.6484375 0.66796875 0.053125 0.04140625