9 0.5 0.5 1 1
11 0.4913429234375 0.9898271328125 0.545210978125 0.9977849703125001 0.593365740625 0.8349563484375 0.81781646875 0.0880009921875 0.73619808125 0.076982390625 0.5248062171875 0.8624045140625001 0.4913429234375 0.9898271328125
2 0.575 0.79375 0.0515625 0.03203125
0 0.590625 0.734375 0.05546875 0.0328125
3 0.6078125 0.6734375 0.05703125 0.034375
7 0.62578125 0.60703125 0.05859375 0.03515625
1 0.6453125 0.5390625 0.06015625 0.03671875
10 0.665625 0.46640625 0.06171875 0.0375
6 0.68828125 0.38984375 0.0640625 0.0390625
8 0.7125 0.30546875 0.06484375 0.04765625
5 0.7390625 0.215625 0.06796875 0.04921875
4 0.76640625 0.1171875 0.07109375 0.05