9 0.5 0.5 1 1
11 0.8326150796875 0.322269840625 0.83309920625 0.3202735609375 0.802369378125 0.2946857640625 0.799223875 0.2934154265625 0.7968042328125 0.29305233125 0.2473111765625 0.66346478125 0.1489381609375 0.7306247515625001 0.06895304218750001 0.7853735125 0.077670965625 0.791955109375 0.08638194375 0.8003030750000001 0.092189153125 0.808287946875 0.0963025796875 0.815365328125 0.0977542984375 0.8189947921874999 0.8326150796875 0.322269840625
2 0.2546875 0.68515625 0.040625 0.02890625
0 0.3140625 0.6453125 0.0375 0.0296875
3 0.3734375 0.60546875 0.03828125 0.028125
7 0.4359375 0.5640625 0.0390625 0.02890625
1 0.49375 0.52421875 0.0390625 0.028125
10 0.55234375 0.48359375 0.03828125 0.028125
6 0.61328125 0.44296875 0.03515625 0.0296875
8 0.67109375 0.403125 0.03671875 0.028125
5 0.734375 0.3625 0.03515625 0.0296875
4 0.79609375 0.31953125 0.0390625 0.028125