9 0.5 0.5 1 1
11 0.9550839953124999 0.47881497968750003 0.6657767859375 0.52254290625 0.42594841250000004 0.5562061015624999 0.0857688484375 0.6110394343750001 0.00005357187499999999 0.62499925625 0.0005892859375 0.659559028125 0.43848445781249995 0.5842502484375001 0.7684067453125001 0.5353169640625 0.9833204359375 0.505884671875 0.985634590625 0.5003318453125 0.9550839953124999 0.47881497968750003
2 0.2140625 0.60546875 0.059375 0.02265625
0 0.30703125 0.58828125 0.05234375 0.02109375
3 0.39609375 0.5734375 0.05 0.02421875
7 0.48359375 0.559375 0.04453125 0.02109375
1 0.5671875 0.54921875 0.0421875 0.021875
10 0.6453125 0.5375 0.0375 0.021875
6 0.72421875 0.5265625 0.03125 0.02578125
8 0.80078125 0.5140625 0.02734375 0.02421875
5 0.87421875 0.50390625 0.028125 0.021875
4 0.94765625 0.49375 0.02265625 0.02421875