9 0.5 0.5 1 1
11 0 0.6205625 0.7592691796875 0.459282490625 0.7564017859375001 0.42745659687500004 0.0005734125 0.5720064484375 0 0.6205625
2 0.18515625 0.56015625 0.0546875 0.0359375
0 0.27265625 0.54140625 0.0546875 0.0359375
3 0.3515625 0.52734375 0.05078125 0.03203125
7 0.42265625 0.5125 0.04765625 0.03046875
1 0.4875 0.49921875 0.040625 0.02890625
10 0.54453125 0.48671875 0.040625 0.02890625
6 0.6 0.475 0.040625 0.02890625
8 0.64921875 0.4640625 0.03515625 0.0296875
5 0.696875 0.45546875 0.03203125 0.02734375
4 0.74296875 0.44453125 0.03125 0.02734375