9 0.5 0.5 1 1
11 0.2746458328125 0.6303963296874999 0.055720237500000006 0.7339771828125 0.0949599875 0.7769444437499999 0.33275198437500003 0.6556939484375001 0.8357724875000001 0.3984900796875 0.8114437828125001 0.3725920140625 0.643498346875 0.4526408734375 0.2746458328125 0.6303963296874999
2 0.28828125 0.65 0.04609375 0.0328125
0 0.36328125 0.6125 0.046875 0.02890625
3 0.43203125 0.5796875 0.04140625 0.03046875
7 0.496875 0.546875 0.0375 0.0296875
1 0.55546875 0.51796875 0.03515625 0.02890625
10 0.6109375 0.490625 0.03125 0.02890625
6 0.66484375 0.46328125 0.03203125 0.0265625
8 0.71328125 0.43828125 0.0296875 0.02578125
5 0.759375 0.41484375 0.02578125 0.02578125
4 0.8046875 0.39140625 0.03359375 0.0171875