9 0.5 0.5 1 1
11 0.19242261875 0.35349603125 0.001060515625 0.3646297125 0.001060515625 0.40121180624999997 0.19881646875 0.3892829859375 0.836089946875 0.34554315468749996 0.8302582671875 0.3101540171875 0.5471431875 0.332023809375 0.19242261875 0.35349603125
4 0.80703125 0.3296875 0.0453125 0.03203125
2 0.15859375 0.3734375 0.046875 0.03203125
0 0.23046875 0.36875 0.04453125 0.0328125
3 0.30390625 0.36484375 0.04609375 0.03125
7 0.375 0.36015625 0.0421875 0.03203125
1 0.44609375 0.35546875 0.04375 0.03046875
10 0.515625 0.35078125 0.04296875 0.03046875
6 0.58828125 0.34609375 0.04296875 0.0328125
8 0.659375 0.340625 0.04375 0.03203125
5 0.7328125 0.33515625 0.04453125 0.03125