9 0.5 0.5 1 1
11 0.587512565625 0.6784335312499999 0.5828125 0.8059412203124999 0.5873607796875 0.807646825 0.6329973546875001 0.80992113125 0.635726521875 0.8083291171875 0.63663624375 0.7649548609375 0.640123346875 0.6223643359375 0.64300396875 0.5125458828125 0.6455813484374999 0.42675 0.6475525796875 0.36170684531249997 0.650887896875 0.2842780265625 0.6578624343749999 0.100294146875 0.6557397484374999 0.099384425 0.617380953125 0.09733755 0.6160162031249999 0.09836086250000001 0.6070710984375001 0.2822834828125 0.6022192453125 0.374915675 0.59736739375 0.47494593281249997 0.59297056875 0.5632728171875 0.587512565625 0.6784335312499999
2 0.62890625 0.29921875 0.0421875 0.02890625
0 0.62578125 0.34609375 0.040625 0.028125
3 0.625 0.39296875 0.040625 0.03046875
7 0.6234375 0.44296875 0.0421875 0.03046875
1 0.6203125 0.49296875 0.04375 0.0328125
10 0.61875 0.546875 0.04375 0.0328125
6 0.6171875 0.6015625 0.04765625 0.0359375
8 0.61484375 0.65859375 0.046875 0.03671875
5 0.61171875 0.72109375 0.05 0.0375
4 0.6109375 0.78671875 0.05078125 0.0390625