9 0.5 0.5 1 1
11 0.8153720234374999 0.22012053593749997 0.8147268515625001 0.1819017859375 0.0012900125 0.19109375 0.0012900125 0.2297963796875 0.8153720234374999 0.22012053593749997
2 0.0875 0.2078125 0.04609375 0.03515625
0 0.16875 0.2078125 0.04921875 0.0375
3 0.25 0.20703125 0.04609375 0.0390625
7 0.3296875 0.20703125 0.04921875 0.03671875
1 0.4078125 0.20546875 0.0484375 0.03671875
10 0.48515625 0.20546875 0.0484375 0.0359375
6 0.5625 0.20390625 0.04609375 0.0359375
8 0.63984375 0.203125 0.046875 0.03515625
5 0.715625 0.20234375 0.0453125 0.03515625
4 0.79140625 0.20078125 0.04296875 0.03515625