9 0.5 0.5 1 1
11 0.6040886249999999 0.3388110125 0.4055079359375 0.41125396875 0.07932142812500001 0.5227291671875001 0.11267625625 0.5733673109375 0.3911018515625 0.4671951890625 0.584319775 0.39251488125 0.894983796875 0.27326165625 0.8712394187499999 0.24286111093749999 0.6040886249999999 0.3388110125
2 0.3046875 0.47109375 0.05 0.03671875
0 0.390625 0.440625 0.0453125 0.03359375
3 0.46796875 0.41171875 0.040625 0.0328125
7 0.5390625 0.38515625 0.0375 0.03203125
1 0.603125 0.36171875 0.03515625 0.03125
10 0.66171875 0.3390625 0.034375 0.028125
6 0.71953125 0.3171875 0.028125 0.028125
8 0.771875 0.29765625 0.02734375 0.02578125
5 0.82109375 0.28046875 0.034375 0.02421875
4 0.86484375 0.26328125 0.025 0.025