9 0.5 0.5 1 1
11 0.5665478671875 0.92191534375 0.835761409375 0.9627175921875001 0.8374154265625 0.9191584 0.6107797625 0.884972553125 0.475949653125 0.8645710984375 0.189367559375 0.8265257937499999 0.1872998515625 0.8656739421875 0.5665478671875 0.92191534375
4 0.203125 0.8484375 0.02421875 0.03828125
5 0.24296875 0.8546875 0.025 0.0375
8 0.2828125 0.859375 0.025 0.0359375
6 0.3234375 0.86484375 0.0265625 0.0375
10 0.36640625 0.8703125 0.02734375 0.0390625
1 0.40859375 0.8765625 0.02890625 0.03671875
7 0.453125 0.884375 0.02890625 0.0390625
3 0.4984375 0.88984375 0.0296875 0.03984375
0 0.5453125 0.89765625 0.03046875 0.040625
2 0.59296875 0.90625 0.03203125 0.03984375