9 0.5 0.5 1 1
11 0.9457671953125001 0.703125 0.9540343921875 0.659722221875 0.003306878125 0.674603175 0.0049603171875 0.7068452375 0.9457671953125001 0.703125
2 0.046875 0.69296875 0.0390625 0.03359375
0 0.13203125 0.69140625 0.04296875 0.0359375
3 0.22265625 0.69140625 0.04609375 0.03515625
7 0.3171875 0.690625 0.05078125 0.03515625
1 0.409375 0.6890625 0.05390625 0.034375
10 0.50625 0.68515625 0.05546875 0.03359375
6 0.60234375 0.68515625 0.06015625 0.0359375
8 0.703125 0.68515625 0.0625 0.0375
5 0.80703125 0.684375 0.0625 0.03671875
4 0.91796875 0.68359375 0.06640625 0.0375