9 0.5 0.5 1 1
11 0.1804034390625 0.572565228125 0.1676574078125 0.6012438 0.9996693125 0.6440101687500001 0.999557209375 0.60728125 0.1804034390625 0.572565228125
4 0.19296875 0.58984375 0.028125 0.0265625
5 0.2546875 0.59140625 0.0265625 0.0265625
8 0.31640625 0.59375 0.03125 0.02890625
6 0.375 0.596875 0.03125 0.028125
10 0.4390625 0.59921875 0.03203125 0.0265625
1 0.5015625 0.6015625 0.0328125 0.0296875
7 0.565625 0.60546875 0.03671875 0.02734375
3 0.634375 0.6078125 0.0390625 0.02890625
0 0.70234375 0.6109375 0.04296875 0.02890625
2 0.77578125 0.6140625 0.0453125 0.03046875