9 0.5 0.5 1 1
11 0.9564388234375001 0.5606884921875 0.9542020499999999 0.5316041671875 0.090523478125 0.5272631453125001 0.08787533125 0.557891865625 0.9564388234375001 0.5606884921875
4 0.1109375 0.5421875 0.040625 0.028125
5 0.1734375 0.5421875 0.040625 0.0296875
8 0.2359375 0.5421875 0.03984375 0.02890625
6 0.29609375 0.54296875 0.0390625 0.02890625
10 0.35703125 0.5421875 0.0375 0.028125
1 0.41796875 0.54296875 0.0375 0.02890625
7 0.47890625 0.54296875 0.0390625 0.0296875
3 0.53984375 0.54296875 0.040625 0.0296875
0 0.59921875 0.54296875 0.0390625 0.02890625
2 0.66171875 0.54375 0.03828125 0.0296875