9 0.5 0.5 1 1
11 0.5257476859375 0.8724997515625 0.5634252640625 0.8906889874999999 0.6881603843749999 0.6593866562499999 0.7570195109375 0.5352839781250001 0.784736771875 0.48623784687500005 0.8349735453125 0.3839233625 0.8072566140624999 0.37287971249999996 0.7829957015625 0.4192755453125 0.7223647484375 0.5287941468749999 0.6444107140625001 0.66491493125 0.5781498015625 0.7809040171875 0.5257476859375 0.8724997515625
2 0.76875 0.478125 0.021875 0.01796875
0 0.75078125 0.51171875 0.02421875 0.01640625
3 0.73203125 0.54765625 0.02421875 0.0171875
7 0.71015625 0.5859375 0.02578125 0.01875
1 0.68828125 0.62421875 0.02890625 0.01875
10 0.6640625 0.66640625 0.028125 0.02109375
10 0.640625 0.71171875 0.03125 0.02109375
8 0.615625 0.759375 0.03125 0.02265625
5 0.5859375 0.809375 0.0296875 0.02734375
4 0.55546875 0.8640625 0.03125 0.02734375