9 0.5 0.5 1 1
11 0.615708003125 0.9754605656249999 0.66749669375 0.9550590281250001 0.38030555625 0.385667659375 0.2777748015625 0.1887142859375 0.2223244046875 0.20597718281250002 0.2521421953125 0.2633053078125 0.35205720937499996 0.45519766875 0.4294785046875 0.6082013890625 0.5231164015624999 0.796162203125 0.615708003125 0.9754605656249999
2 0.3390625 0.3640625 0.03828125 0.04140625
0 0.371875 0.428125 0.03828125 0.0390625
3 0.40390625 0.49296875 0.03828125 0.0375
7 0.4375 0.5578125 0.0390625 0.0375
1 0.46796875 0.62109375 0.0421875 0.0375
10 0.50078125 0.68671875 0.0421875 0.0359375
6 0.53125 0.75078125 0.04375 0.03671875
8 0.5640625 0.815625 0.04453125 0.0390625
5 0.59765625 0.8796875 0.04140625 0.03359375
4 0.6296875 0.94453125 0.04453125 0.0328125