9 0.5 0.5 1 1
11 0.7015525796875 0.8389243546875 0.7062172624999999 0.97746255 0.7659239421875 0.97746255 0.753795965625 0.6646884921875 0.7342046953125 0.141910465625 0.6772969578125 0.1496071421875 0.6866259921875 0.46586557500000003 0.7015525796875 0.8389243546875
4 0.70703125 0.16796875 0.05390625 0.0390625
5 0.709375 0.23671875 0.05625 0.040625
8 0.71015625 0.30390625 0.0546875 0.040625
6 0.7125 0.36953125 0.05703125 0.03984375
10 0.71484375 0.43671875 0.05625 0.0421875
1 0.71796875 0.503125 0.05625 0.04375
7 0.71953125 0.56953125 0.05703125 0.04296875
3 0.72265625 0.63828125 0.06015625 0.046875
0 0.7265625 0.7046875 0.05703125 0.04609375
2 0.728125 0.77265625 0.05703125 0.04375