9 0.5 0.5 1 1
11 0 0.429560515625 0.2392106484375 0.4057904265625 0.9644193124999999 0.34013963281250004 0.956873346875 0.2954290671875 0 0.38202033750000003 0 0.429560515625
2 0.10078125 0.3953125 0.05703125 0.040625
0 0.1921875 0.38828125 0.05390625 0.0421875
3 0.2859375 0.37890625 0.0578125 0.040625
7 0.3796875 0.37109375 0.05546875 0.03984375
1 0.46953125 0.3640625 0.05703125 0.040625
10 0.5578125 0.35625 0.053125 0.040625
6 0.6515625 0.346875 0.05859375 0.040625
8 0.74140625 0.33828125 0.0546875 0.04140625
5 0.834375 0.3296875 0.05859375 0.0390625
4 0.92734375 0.3203125 0.06171875 0.0390625