9 0.5 0.5 1 1
11 0.22713690468749997 0.0066894843750000006 0.1780876328125 0.46176364062499997 0.1335654765625 0.9072274312499999 0.18940674531249999 0.9100572921875001 0.2195909390625 0.650294890625 0.2512843921875 0.38651413749999997 0.2746772484375 0.1646140875 0.293542659375 0.0140471234375 0.22713690468749997 0.0066894843750000006
2 0.18359375 0.68828125 0.05703125 0.040625
0 0.190625 0.6234375 0.0578125 0.03984375
3 0.19921875 0.5578125 0.05859375 0.04140625
7 0.20625 0.4890625 0.06015625 0.04296875
1 0.2140625 0.41953125 0.06171875 0.04296875
10 0.22265625 0.346875 0.0609375 0.040625
6 0.22890625 0.2734375 0.06484375 0.0421875
8 0.2375 0.196875 0.0625 0.0453125
5 0.24609375 0.11875 0.06328125 0.04296875
4 0.2546875 0.03671875 0.06484375 0.04453125