9 0.5 0.5 1 1
11 0.7559923937499999 0.8935543156250001 0.803101521875 0.894668403125 0.819880953125 0.2965647328125 0.7729669312499999 0.29740228125 0.7559923937499999 0.8935543156250001
2 0.78203125 0.78359375 0.04609375 0.03359375
0 0.7828125 0.73125 0.04609375 0.03359375
3 0.78359375 0.6796875 0.046875 0.034375
7 0.78515625 0.6265625 0.04765625 0.03359375
1 0.7859375 0.57578125 0.0484375 0.03359375
10 0.78671875 0.52421875 0.04765625 0.0328125
6 0.78828125 0.47265625 0.046875 0.03359375
8 0.790625 0.421875 0.0484375 0.03515625
5 0.7921875 0.36875 0.046875 0.0328125
4 0.79453125 0.31484375 0.04765625 0.034375