9 0.5 0.5 1 1
11 0.9996693125 0.5647021328124999 0.9991329359375 0.5314667656250001 0.94298511875 0.541851190625 0.9409623015624999 0.546677828125 0.9200006609375 0.5521939484375 0.917242725 0.548884425 0.8638306874999999 0.5589513890625 0.855924271875 0.5635022328125 0.83606580625 0.5690186015625 0.830365740625 0.5657088296875 0.7734861109375 0.576912203125 0.77127943125 0.580084078125 0.750317790625 0.58546255 0.7482953046875 0.5827043656249999 0.689786375 0.5941505453125 0.6870281078125 0.5977361109375 0.66661805625 0.6024248515624999 0.6610615078125 0.6010458828125 0.606083003125 0.611664434375 0.6031412031250001 0.614560515625 0.5824884265625 0.619111359375 0.5758687171875 0.61759449375 0.51644808125 0.6294791671875 0.5151607140625 0.6327889390625 0.4896021828125 0.638029265625 0.48923445781249997 0.6345818453125001 0.4297658734375 0.6476827875 0.4282949734375 0.648923859375 0.4277433859375 0.6512683531250001 0.400713625 0.6567844734375 0.39979431249999997 0.65430233125 0.3948296953125 0.6537507437500001 0.3335224875 0.6676790671874999 0.3335224875 0.6718521828124999 0.30796395468750004 0.6775062000000001 0.30667658750000004 0.6758514390625 0.30502182499999997 0.6746103671875 0.2417285046875 0.690607390625 0.24117691875 0.69267584375 0.2115181875 0.6993120046875 0.21059854531250002 0.6973811999999999 0.1465515875 0.71199925625 0.14452910000000002 0.715309028125 0.0000734125 0.7492641375 0.000257275 0.78291319375 0.14937962968750002 0.746919890625 0.37308101875 0.6954588296875001 0.6009014546875 0.6453990578125001 0.9996693125 0.5647021328124999
2 0.17734375 0.72109375 0.059375 0.0171875
0 0.27265625 0.7 0.06015625 0.01640625
3 0.36796875 0.6765625 0.06640625 0.01484375
7 0.46171875 0.6546875 0.06328125 0.01484375
1 0.55078125 0.6375 0.04921875 0.021875
10 0.64453125 0.61875 0.04140625 0.0203125
6 0.7359375 0.59921875 0.0390625 0.0203125
8 0.8171875 0.58203125 0.02890625 0.02265625
5 0.90625 0.565625 0.0328125 0.02109375
4 0.98828125 0.5484375 0.0234375 0.025