9 0.5 0.5 1 1
11 0.0147748015625 0.7777651296875 0.8720720906249999 0.793470734375 0.8697199078125 0.7555947421875 0.44739583281249995 0.747446925 0.01731580625 0.7424995046875 0.0147748015625 0.7777651296875
2 0.2109375 0.76328125 0.0375 0.03359375
0 0.27890625 0.76328125 0.03828125 0.03125
3 0.34453125 0.7640625 0.040625 0.0328125
7 0.41328125 0.76484375 0.0421875 0.034375
1 0.48203125 0.76640625 0.04140625 0.0328125
10 0.55234375 0.7671875 0.040625 0.034375
6 0.6234375 0.76875 0.04375 0.0328125
8 0.6953125 0.77109375 0.04140625 0.0328125
5 0.76953125 0.771875 0.04453125 0.034375
4 0.84609375 0.775 0.04609375 0.0328125