9 0.5 0.5 1 1
11 0.9669474203125 0.46868055625 0.715181878125 0.49674900781250003 0.7149199734375 0.4991044140625 0.6934596562500001 0.5018521828125 0.6929361765625 0.5000858140625 0.6442582671875 0.5057780265625 0.644519840625 0.507152034375 0.6222744703124999 0.5098998015625 0.6201808859375 0.5079370046875 0.5728164687499999 0.5134330359375 0.5712460312500001 0.5151994046875 0.5526646828125 0.5175548109375 0.5487390875 0.5157884421875 0.5000608468750001 0.521873015625 0.49822883593749995 0.5246210312499999 0.477291996875 0.5267802578125 0.4741514546875 0.5244248515625001 0.4225945765625 0.53031324375 0.42154761875 0.533257440625 0.4006107796875 0.5369868546875 0.3974702375 0.5342388390624999 0.34538988125 0.5415014874999999 0.34198776406250003 0.5438568953125 0.3202655421875 0.54738988125 0.31581646874999997 0.5456232640625001 0.2620195109375 0.55308209375 0.2616957671875 0.554595734375 0.12064847812499999 0.5756979171875 0.11593783124999998 0.592578125 0.1086097890625 0.6043551593750001 0.5639811515625001 0.5413482140625 0.99154795 0.4912529765625 0.9920714281249999 0.4881123515625 0.9669474203125 0.46868055625
2 0.290625 0.5625 0.05 0.01875
0 0.37265625 0.55078125 0.04453125 0.0203125
3 0.45 0.53984375 0.04453125 0.02109375
7 0.52890625 0.5296875 0.040625 0.01953125
1 0.60390625 0.52109375 0.0421875 0.0171875
10 0.678125 0.5140625 0.03359375 0.01953125
6 0.74921875 0.50390625 0.03125 0.01953125
8 0.81953125 0.49609375 0.02578125 0.0203125
5 0.88828125 0.4890625 0.0234375 0.01953125
4 0.96015625 0.48125 0.0203125 0.01953125