9 0.5 0.5 1 1
11 0.5493349875 0.44799107187500004 0.5474576718749999 0.448653521875 0.529899140625 0.46505233125 0.529568121875 0.4668745046875 0.5227212296875 0.4734174109375 0.520623015625 0.473169146875 0.5022453703124999 0.4908435015625 0.5020244703125 0.4924997515625 0.49319014531249994 0.50086483125 0.49153372968750003 0.5006994046875 0.47242923281250004 0.519601190625 0.471876984375 0.5210920140625 0.462678240625 0.528804315625 0.44136507968750005 0.5482676093750001 0.4408131609375 0.5500069437499999 0.43153703749999994 0.5595314984375 0.430322090625 0.5595314984375 0.409086309375 0.578869046875 0.40853439218750004 0.5808566468749999 0.3974914015625 0.5908782234375 0.39583465625 0.5909610609375 0.37187136249999997 0.613018353125 0.3719818125 0.6150890375 0.3617119703125 0.6245307546875 0.36016600468750004 0.6241165671875 0.3353191140625 0.647326884375 0.334766865625 0.649397321875 0.3233925265625 0.6598330859375 0.3216256609375 0.660164434375 0.29711011875 0.6826922125 0.29633730156250004 0.6846252484375001 0.2816501328125 0.7000302578125 0.2796623671875 0.699367559375 0.25249636249999996 0.724959821875 0.2523859125 0.7271130953125 0.28153968281249997 0.7430151296874999 0.2845211640625 0.7428494546875 0.327288690625 0.7014216265625 0.46069709062499997 0.5715342265625 0.5771789015625 0.45901959375 0.7029986765625 0.33808209375 0.702335978125 0.33592857187499997 0.6781517859374999 0.3295513390625 0.6752807546875 0.3296341765625 0.5756504625 0.4231111109375 0.574214946875 0.4241049109375 0.5583902109375 0.43871478125 0.556733796875 0.4412822421875 0.5493349875 0.44799107187500004
4 0.28046875 0.72109375 0.02734375 0.01953125
5 0.32421875 0.68046875 0.02734375 0.0203125
8 0.3625 0.64375 0.0265625 0.01953125
6 0.3984375 0.609375 0.025 0.01875
10 0.434375 0.57578125 0.025 0.01640625
1 0.465625 0.54453125 0.02421875 0.01640625
7 0.496875 0.515625 0.0234375 0.0171875
3 0.525 0.4875 0.02421875 0.015625
0 0.553125 0.4625 0.02578125 0.01484375
2 0.5796875 0.4375 0.025 0.01328125