9 0.5 0.5 1 1
11 0.7936739421875 0.482005953125 0.7928574734375 0.33388194375 0.7917688484375 0.201072171875 0.7904077375 0.1965813484375 0.7865972218749999 0.1957646328125 0.7506696421875 0.198418403125 0.74876455 0.20086805624999998 0.74903670625 0.3532380953125 0.7512139546875 0.5280463796875 0.7552966265625 0.6673841765625 0.7621011906249999 0.8224568453125001 0.770810846875 0.8228650796875 0.7844199734374999 0.8236817953125 0.795579365625 0.8265396828125 0.803200065625 0.82817261875 0.7969401453125 0.6382748015625 0.7936739421875 0.482005953125
4 0.7703125 0.215625 0.0390625 0.02578125
5 0.77109375 0.26796875 0.040625 0.02578125
8 0.771875 0.31796875 0.03984375 0.028125
6 0.77109375 0.3671875 0.03828125 0.02734375
10 0.771875 0.4171875 0.03828125 0.0265625
1 0.77265625 0.465625 0.0390625 0.02578125
7 0.7734375 0.51328125 0.03828125 0.02734375
3 0.775 0.5609375 0.0359375 0.02734375
0 0.7734375 0.60546875 0.0359375 0.02734375
2 0.7765625 0.65234375 0.0375 0.02578125