9 0.5 0.5 1 1
11 0.7163538359375 0.7451396328125 0.4614332015625 0.7360833328124999 0.0013416 0.721492559375 0 0.7632524796875 0.2958422625 0.773818453125 0.6332364421875 0.783880953125 0.9806663359375 0.7974655265624999 0.9783518515624999 0.7544689984375 0.7163538359375 0.7451396328125
2 0.17578125 0.74921875 0.04921875 0.04140625
0 0.25703125 0.7515625 0.05 0.0421875
3 0.33828125 0.75390625 0.05234375 0.04375
7 0.42265625 0.75625 0.05546875 0.04375
1 0.50390625 0.759375 0.053125 0.04296875
10 0.5875 0.76171875 0.0546875 0.040625
6 0.675 0.7640625 0.05546875 0.040625
8 0.7640625 0.76875 0.05625 0.0421875
5 0.85546875 0.771875 0.05859375 0.0421875
4 0.946875 0.775 0.05625 0.04296875