9 0.5 0.5 1 1
11 0.43050429843750004 0.9932876984375 0.4803409390625 0.9920947421875 0.4782202375 0.7463177078125 0.47503902187499997 0.1728432546875 0.4220214953125 0.1732408234375 0.4267929890625 0.591209078125 0.43050429843750004 0.9932876984375
4 0.4484375 0.19453125 0.05234375 0.040625
5 0.45 0.25703125 0.05078125 0.03828125
8 0.45078125 0.3171875 0.05 0.0390625
6 0.45 0.37734375 0.05078125 0.03828125
10 0.4515625 0.4359375 0.04921875 0.03828125
7 0.45234375 0.5515625 0.05 0.03671875
3 0.45234375 0.6109375 0.05 0.03828125
0 0.453125 0.66796875 0.05 0.03828125
2 0.45390625 0.725 0.04921875 0.0375
1 0.45234375 0.49453125 0.05 0.0375