9 0.5 0.5 1 1
11 0.5246286375 0.8628794640624999 0.5731669968750001 0.8613306046875 0.5587086640625001 0.14251711250000001 0.508104828125 0.1440662203125 0.5246286375 0.8628794640624999
2 0.54453125 0.6890625 0.0484375 0.03828125
0 0.54296875 0.6328125 0.04921875 0.0359375
3 0.54140625 0.57578125 0.05 0.0375
7 0.540625 0.51875 0.05 0.03828125
1 0.53984375 0.46171875 0.05078125 0.03828125
10 0.53828125 0.40546875 0.04921875 0.03671875
6 0.53671875 0.346875 0.05078125 0.0375
8 0.5359375 0.2875 0.0515625 0.0390625
5 0.53515625 0.22734375 0.05078125 0.03984375
4 0.53359375 0.1640625 0.05078125 0.0390625