9 0.5 0.5 1 1
11 0.790575728125 0.026461309375 0.8170036375 0.94199305625 0.884336309375 0.9415954859375001 0.8742070109375 0.571370784375 0.8572195765625 0.024501240625 0.790575728125 0.026461309375
4 0.85 0.9171875 0.0671875 0.04921875
5 0.84921875 0.83828125 0.06953125 0.05
8 0.846875 0.76171875 0.06640625 0.0515625
6 0.84453125 0.6828125 0.071875 0.05078125
10 0.84140625 0.6046875 0.07109375 0.05078125
1 0.8390625 0.52578125 0.06875 0.05
7 0.83828125 0.44921875 0.0703125 0.05234375
3 0.8359375 0.3703125 0.07265625 0.053125
0 0.83359375 0.290625 0.0703125 0.05390625
2 0.83203125 0.21015625 0.0703125 0.05078125