9 0.5 0.5 1 1
11 0.7494206343750001 0.5478174609375001 0.8866517859374999 0.5449717265625 0.8613554890625 0.5184107140624999 0.7361402109374999 0.522205109375 0.5957470234375 0.5255252968749999 0.515432209375 0.5283710312500001 0.44397089999999995 0.530268353125 0.3535373671875 0.5331140875 0.1834216265625 0.538805803125 0.11512235468750001 0.5426001984375 0.0012648812500000001 0.5511376484375 0.00189715625 0.58244146875 0.0790502640625 0.5743782234375 0.20047122968750003 0.5677380953125 0.306714615625 0.56346949375 0.4502695109375 0.5568291171875 0.7494206343750001 0.5478174609375001
2 0.15390625 0.55546875 0.0484375 0.02578125
0 0.24296875 0.5484375 0.05078125 0.02421875
3 0.32578125 0.54375 0.053125 0.025
7 0.4109375 0.54140625 0.04921875 0.02265625
1 0.48671875 0.53984375 0.03828125 0.025
10 0.5640625 0.53828125 0.03828125 0.0234375
6 0.63671875 0.53515625 0.03515625 0.02265625
8 0.7078125 0.53359375 0.03359375 0.02265625
5 0.778125 0.53203125 0.02421875 0.02421875
4 0.85078125 0.5296875 0.02421875 0.021875