9 0.5 0.5 1 1
11 0.024600859375 0.6840461312499999 0.017825396875 0.6862802578125 0.036499668750000006 0.7142916671874999 0.8955171953125 0.416351934375 0.874296296875 0.38770386874999996 0.48807804218750006 0.5194848703125 0.225789021875 0.6111587296875001 0.024600859375 0.6840461312499999
2 0.26171875 0.61640625 0.03828125 0.02578125
0 0.3296875 0.59296875 0.03984375 0.02421875
3 0.39453125 0.56875 0.03984375 0.021875
7 0.46171875 0.54609375 0.0375 0.0234375
1 0.52734375 0.5234375 0.0390625 0.02109375
10 0.59296875 0.5 0.03828125 0.0203125
6 0.6609375 0.47734375 0.0390625 0.021875
8 0.72734375 0.45546875 0.03984375 0.021875
5 0.79296875 0.43046875 0.0390625 0.0203125
4 0.86484375 0.4078125 0.03828125 0.021875