9 0.5 0.5 1 1
11 0.7947913359375 0.2956302078125 0.7608449078125 0.27834375 0.2749550265625 0.7781438484375001 0.3103981484375 0.7950600203125 0.7947913359375 0.2956302078125
2 0.39921875 0.6765625 0.03046875 0.0203125
0 0.440625 0.634375 0.034375 0.0203125
3 0.4796875 0.59375 0.034375 0.01953125
7 0.51953125 0.5515625 0.03046875 0.01953125
1 0.5609375 0.5109375 0.03515625 0.01953125
10 0.6015625 0.46953125 0.0328125 0.0203125
6 0.64140625 0.42734375 0.034375 0.02109375
8 0.6828125 0.3859375 0.034375 0.01953125
5 0.725 0.34375 0.03515625 0.02109375
4 0.76640625 0.3015625 0.034375 0.0203125