9 0.5 0.5 1 1
11 0.9794031078125001 0.47197569375 0.9855251328125 0.42911011875 0.0137030421875 0.4400124015625 0.0121263234375 0.47886483125 0.9794031078125001 0.47197569375
2 0.1703125 0.45859375 0.03828125 0.03671875
0 0.24921875 0.4578125 0.04140625 0.0375
3 0.3265625 0.4578125 0.04140625 0.03828125
7 0.41015625 0.45703125 0.04765625 0.03984375
1 0.4921875 0.45703125 0.0515625 0.03828125
10 0.57578125 0.45546875 0.05390625 0.0390625
6 0.6640625 0.4546875 0.05703125 0.04140625
8 0.75390625 0.45390625 0.059375 0.0421875
5 0.8484375 0.453125 0.059375 0.04140625
4 0.94921875 0.45234375 0.059375 0.04140625