9 0.5 0.5 1 1
11 0.20455555625000002 0.2013859125 0.2036127640625 0.3777795140625 0.1988994703125 0.5453712796875 0.1932437171875 0.704528521875 0.18051785781250002 0.8971688984374999 0.226707671875 0.900350446875 0.2413187828125 0.7370359625 0.2469748671875 0.599851934375 0.2531021828125 0.4337375984375 0.259700728125 0.20244618124999997 0.20455555625000002 0.2013859125
4 0.2296875 0.221875 0.05078125 0.04140625
5 0.22890625 0.28515625 0.05078125 0.03828125
8 0.22890625 0.3453125 0.05078125 0.03828125
6 0.228125 0.40234375 0.05078125 0.03828125
10 0.2265625 0.459375 0.05078125 0.0359375
1 0.225 0.51328125 0.05078125 0.0359375
7 0.22265625 0.56796875 0.05078125 0.0359375
3 0.221875 0.6203125 0.05078125 0.034375
0 0.21953125 0.67109375 0.05078125 0.034375
2 0.2171875 0.72265625 0.05078125 0.034375