9 0.5 0.5 1 1
11 0.7504546953125 0.287559028125 0.6371517859375 0.3709508921875 0.3796832015625 0.5624985125 0.098505953125 0.7746245046875 0.13021395468750002 0.7999908234374999 0.24393948437500002 0.7137452875 0.3690800265625 0.620841021875 0.6185158734375 0.43912921562499996 0.79061805625 0.31355952343750004 0.7504546953125 0.287559028125
2 0.275 0.66484375 0.03359375 0.025
0 0.32578125 0.6296875 0.034375 0.0234375
3 0.371875 0.59296875 0.034375 0.0234375
7 0.42265625 0.55625 0.03203125 0.025
1 0.4734375 0.51875 0.03515625 0.02734375
10 0.52578125 0.48046875 0.03359375 0.0234375
6 0.57890625 0.44140625 0.03515625 0.02890625
8 0.6328125 0.40078125 0.03515625 0.02890625
5 0.68984375 0.35859375 0.03359375 0.02890625
4 0.74921875 0.315625 0.03359375 0.02890625