9 0.5 0.5 1 1
11 0.49131283124999997 0.5334134421875001 0.592681878125 0.535866071875 0.693233134375 0.538318453125 0.7954196421875 0.5426103671875 0.9996693125 0.55180704375 0.9996693125 0.515633184375 0.9237658734374999 0.51318055625 0.583689484375 0.5039838796875 0.391578703125 0.50214459375 0.20437301562500002 0.49662648750000005 0.00286441875 0.496267609375 0 0.5236036703125 0.2141828703125 0.5260560515625 0.304924603125 0.5297348703125 0.396483796875 0.5303479656250001 0.49131283124999997 0.5334134421875001
2 0.07890625 0.51171875 0.034375 0.01953125
0 0.165625 0.5125 0.0421875 0.02265625
3 0.25546875 0.5171875 0.040625 0.021875
7 0.35078125 0.51953125 0.04375 0.021875
1 0.44296875 0.5203125 0.04375 0.0234375
10 0.53984375 0.52109375 0.0484375 0.0265625
6 0.64140625 0.5234375 0.05 0.02578125
8 0.7453125 0.528125 0.05234375 0.025
5 0.8578125 0.53203125 0.04609375 0.0265625
4 0.975 0.53359375 0.05 0.0265625