9 0.5 0.5 1 1
11 0.4363406078125 0.539246528125 0.4331888234375 0.8531515375 0.48264847812499995 0.8533735124999999 0.48108763281250005 0.698115328125 0.4816078046875 0.3338578875 0.4784861109375 0.23618923593750002 0.4368611109375 0.236579365625 0.4363406078125 0.539246528125
4 0.4578125 0.25390625 0.03984375 0.028125
5 0.45859375 0.30546875 0.03984375 0.02890625
8 0.459375 0.35546875 0.040625 0.02890625
6 0.459375 0.40625 0.0390625 0.0296875
10 0.45859375 0.459375 0.040625 0.0296875
1 0.459375 0.5109375 0.040625 0.03203125
7 0.45859375 0.56484375 0.040625 0.0328125
3 0.4578125 0.6203125 0.04140625 0.034375
0 0.45859375 0.67578125 0.0421875 0.0359375
2 0.45859375 0.73359375 0.0453125 0.0390625