9 0.5 0.5 1 1
11 0.27724404687500004 0.9201153281250001 0.20405654687500002 0.3599521328125 0.1773865734375 0.187372271875 0.1333501984375 0.1935126484375 0.235068121875 0.9233715281249999 0.27724404687500004 0.9201153281250001
4 0.1578125 0.209375 0.03984375 0.034375
5 0.1671875 0.27109375 0.040625 0.03515625
8 0.1765625 0.3296875 0.04140625 0.034375
6 0.18515625 0.38828125 0.040625 0.034375
10 0.19375 0.44765625 0.0390625 0.03671875
1 0.2015625 0.50546875 0.0375 0.03515625
7 0.209375 0.5625 0.0421875 0.0359375
3 0.21484375 0.61953125 0.0421875 0.0359375
0 0.2234375 0.67578125 0.04140625 0.0359375
2 0.23046875 0.7328125 0.03984375 0.0375