9 0.5 0.5 1 1
11 0.7019216265625 0.38198735156249997 0.0849718921875 0.5791423609375 0.101097884375 0.6126349203125 0.27724404687500004 0.557279265625 0.4797397484375 0.4902438 0.8286583999999999 0.376821428125 0.8152271828125001 0.3468591265625 0.7019216265625 0.38198735156249997
2 0.2328125 0.55078125 0.03515625 0.02734375
0 0.303125 0.52890625 0.03671875 0.028125
3 0.3671875 0.50859375 0.03828125 0.0265625
7 0.43359375 0.48515625 0.04140625 0.02109375
1 0.49765625 0.46640625 0.0375 0.02578125
10 0.5609375 0.44609375 0.0328125 0.0265625
6 0.621875 0.42578125 0.03515625 0.025
8 0.68046875 0.40703125 0.0359375 0.02421875
5 0.74140625 0.3875 0.03203125 0.025
4 0.803125 0.3671875 0.03125 0.025