9 0.5 0.5 1 1
11 0.11716790625 0.7737245374999999 0.1653077875 0.7779103843749999 0.316529265625 0.7918640875 0.5352931546875 0.8134920640625 0.656165675 0.826748015625 0.9538995531250001 0.8581435187500001 0.9544228671875 0.7974454359375 0.55513516875 0.760468584375 0.3814134421875 0.7458174609375 0.26525 0.7367473546875 0.118214534375 0.72558465625 0.11716790625 0.7737245374999999
4 0.13671875 0.7515625 0.03125 0.0484375
5 0.18828125 0.75625 0.03046875 0.04765625
8 0.23828125 0.76015625 0.0328125 0.0484375
6 0.28984375 0.76484375 0.03359375 0.04921875
10 0.34453125 0.76953125 0.034375 0.05
1 0.3984375 0.7734375 0.0359375 0.05
7 0.45390625 0.7796875 0.0375 0.05078125
3 0.51171875 0.78515625 0.040625 0.053125
0 0.571875 0.790625 0.03984375 0.053125
2 0.634375 0.7984375 0.04140625 0.053125