9 0.5 0.5 1 1
11 0.0945615078125 0.773269096875 0.0958687171875 0.796146825 0.3089589953125 0.7781716265624999 0.8266855156249999 0.750064484375 0.8127410718749999 0.7265329859375 0.2496772484375 0.7585620046875 0.0945615078125 0.773269096875
2 0.27265625 0.76953125 0.0359375 0.02109375
0 0.3359375 0.7640625 0.0359375 0.02109375
3 0.39296875 0.75859375 0.0359375 0.02109375
7 0.45390625 0.7546875 0.0359375 0.02109375
1 0.51171875 0.75234375 0.0359375 0.02109375
10 0.56875 0.7484375 0.0359375 0.02109375
6 0.62734375 0.74609375 0.0359375 0.02109375
8 0.6828125 0.74296875 0.03203125 0.02109375
5 0.74140625 0.73984375 0.03203125 0.02109375
4 0.80078125 0.73828125 0.03203125 0.02109375