9 0.5 0.5 1 1
11 0.0136765875 0.5079900796875 0.0123740078125 0.5270396828125 0.9020079359375 0.5724657734374999 0.9124255953124999 0.5494112109375 0.5926550921875 0.5329010421875 0.2995839953125 0.5182475203125 0.0136765875 0.5079900796875
2 0.20703125 0.52734375 0.025 0.01640625
0 0.2765625 0.53046875 0.02890625 0.01640625
3 0.34140625 0.534375 0.03359375 0.01875
7 0.41328125 0.53671875 0.0359375 0.01796875
1 0.484375 0.53984375 0.03515625 0.01875
10 0.55703125 0.5421875 0.0359375 0.01796875
6 0.63671875 0.5484375 0.03984375 0.01640625
8 0.7125 0.553125 0.03828125 0.0171875
5 0.79375 0.55703125 0.0375 0.01796875
4 0.88125 0.56171875 0.03984375 0.0171875