9 0.5 0.5 1 1
11 0 0.916453125 0.02431283125 0.9388196921875 0.7934093921875001 0.3937224703125 0.7604480812500001 0.371355903125 0 0.8993720234374999 0 0.916453125
2 0.296875 0.71953125 0.0390625 0.025
0 0.3546875 0.678125 0.0453125 0.01953125
3 0.41015625 0.63828125 0.0390625 0.0234375
7 0.46484375 0.60078125 0.03671875 0.0234375
1 0.51640625 0.56484375 0.034375 0.02578125
10 0.5671875 0.52890625 0.03203125 0.02578125
6 0.6171875 0.49375 0.03359375 0.0234375
8 0.66484375 0.46015625 0.03984375 0.01953125
5 0.7125 0.42734375 0.03046875 0.02578125
4 0.759375 0.39296875 0.03515625 0.02109375