9 0.5 0.5 1 1
11 0.76360284375 0.1213209328125 0.765957340625 0.2478688 0.7902860453125 0.645169890625 0.8004880953125 0.800582340625 0.8067665343750001 0.9735349703124999 0.8797523140625 0.9723576390625001 0.8726891531250001 0.80225396875 0.8530694437499999 0.568546875 0.8365886250000001 0.354392609375 0.8232473546874999 0.12014384843749999 0.76360284375 0.1213209328125
2 0.834375 0.76953125 0.06640625 0.05625
0 0.83046875 0.68828125 0.06484375 0.0546875
3 0.82265625 0.61015625 0.06484375 0.05078125
7 0.8171875 0.534375 0.065625 0.0484375
1 0.8125 0.46328125 0.0640625 0.04765625
10 0.8078125 0.3953125 0.06484375 0.04453125
6 0.80390625 0.32734375 0.06171875 0.0421875
8 0.80078125 0.26484375 0.06171875 0.040625
5 0.79765625 0.203125 0.059375 0.0375
4 0.79296875 0.140625 0.05625 0.03515625