9 0.5 0.5 1 1
11 0.063075396875 0.9288154765625001 0.0467860453125 0.9488521828125001 0.10025595312499999 0.9724841265625 0.6445608468749999 0.391657490625 0.8221570765624999 0.204035465625 0.75818419375 0.1746748515625 0.3924884265625 0.5714166671875 0.063075396875 0.9288154765625001
2 0.21875 0.80234375 0.0515625 0.03515625
0 0.278125 0.73671875 0.0515625 0.03515625
3 0.33515625 0.678125 0.0515625 0.03515625
7 0.3953125 0.6125 0.0515625 0.03515625
1 0.45546875 0.54921875 0.0515625 0.03515625
10 0.515625 0.484375 0.0515625 0.03515625
6 0.575 0.41953125 0.0515625 0.03515625
8 0.63671875 0.35390625 0.0515625 0.03515625
5 0.7015625 0.28359375 0.0515625 0.03515625
4 0.76953125 0.2125 0.0515625 0.03515625