9 0.5 0.5 1 1
11 0.9070588624999999 0.611154265625 0.9055082671875001 0.57741641875 0.0110334 0.5734729656249999 0.010731151562500001 0.60882738125 0.9070588624999999 0.611154265625
2 0.27734375 0.59140625 0.0421875 0.03125
0 0.34375 0.59140625 0.0390625 0.03125
3 0.4109375 0.590625 0.04140625 0.03125
7 0.478125 0.5921875 0.04140625 0.0328125
1 0.54453125 0.5921875 0.04296875 0.03203125
10 0.61171875 0.5921875 0.0421875 0.03125
6 0.678125 0.59296875 0.0421875 0.03203125
8 0.74453125 0.59296875 0.0421875 0.03203125
5 0.8140625 0.59296875 0.0453125 0.03203125
4 0.88359375 0.59375 0.04296875 0.03125