9 0.5 0.5 1 1
11 0 0.7749712296875 0.3704203046875 0.7625649796875 0.670924934375 0.753053571875 0.89974966875 0.7460235609375 0.8920300921875001 0.7079779265624999 0.5148941796875001 0.7174893359375 0.2100777109375 0.729068453125 0 0.7356850203125 0 0.7749712296875
2 0.16796875 0.75 0.05 0.0375
0 0.2453125 0.74765625 0.05 0.0375
3 0.325 0.74375 0.05 0.0375
7 0.40390625 0.74140625 0.05 0.0375
1 0.47890625 0.73828125 0.05 0.0375
10 0.55546875 0.73515625 0.05 0.0375
6 0.63515625 0.734375 0.05 0.0375
8 0.71171875 0.7328125 0.05 0.0375
5 0.78828125 0.7296875 0.05 0.0375
4 0.8703125 0.72734375 0.05 0.0375