9 0.5 0.5 1 1
11 0.08115806875 0.7764858625 0.0045879625 0.8105600203125001 0.02243055625 0.8342651296874999 0.7056765875 0.540574653125 0.887160384375 0.4683125 0.8443382937499999 0.4545483625 0.60320965625 0.55242733125 0.08115806875 0.7764858625
2 0.1765625 0.74453125 0.0421875 0.02109375
0 0.27734375 0.70390625 0.04375 0.0203125
3 0.35546875 0.6671875 0.04296875 0.01796875
7 0.44296875 0.63203125 0.04140625 0.01875
1 0.52109375 0.60078125 0.034375 0.015625
10 0.59375 0.57109375 0.03359375 0.01484375
6 0.6609375 0.54140625 0.03359375 0.01875
8 0.728125 0.515625 0.0375 0.01484375
5 0.7921875 0.4890625 0.0390625 0.01640625
4 0.85078125 0.46484375 0.03359375 0.0140625