9 0.5 0.5 1 1
11 0.22461739375 0.2167966265625 0.16870403437499998 0.2139045140625 0.17882638906249998 0.88678050625 0.22461739375 0.8871421125 0.22461739375 0.2167966265625
4 0.196875 0.2359375 0.05390625 0.0421875
5 0.19921875 0.30234375 0.05390625 0.0421875
8 0.1984375 0.365625 0.05390625 0.03984375
6 0.19921875 0.42421875 0.05390625 0.03984375
10 0.2015625 0.48203125 0.05390625 0.03671875
1 0.2015625 0.5375 0.05390625 0.03671875
7 0.2015625 0.590625 0.05390625 0.03671875
3 0.20078125 0.64375 0.05 0.03671875
0 0.2015625 0.69375 0.05 0.0359375
2 0.20078125 0.74296875 0.05 0.0328125