9 0.5 0.5 1 1
11 0.0232585984375 0.5917557046875 0 0.6297748015625 0.415079034375 0.5671552578125 0.8755419968749999 0.4982735609375 0.8654037703125 0.46606919687500004 0.46404133593749997 0.5251106156249999 0.0232585984375 0.5917557046875
2 0.22578125 0.578125 0.040625 0.0296875
0 0.29765625 0.5671875 0.04375 0.02734375
3 0.3671875 0.55625 0.04296875 0.028125
7 0.43828125 0.54609375 0.04140625 0.02890625
1 0.50703125 0.5359375 0.0421875 0.02734375
10 0.57421875 0.525 0.040625 0.02734375
6 0.64296875 0.51640625 0.0421875 0.028125
8 0.71015625 0.50625 0.04140625 0.028125
5 0.7765625 0.49609375 0.03984375 0.028125
4 0.846875 0.48515625 0.0421875 0.028125