9 0.5 0.5 1 1
11 0.9523733468750001 0.53348834375 0.9351554234374999 0.49810912656250006 0.6832671953125 0.5506999015625 0.471553571875 0.5946850203125 0.0082536375 0.6949112109375 0.0043369703125 0.742417659375 0.3306236765625 0.6683125000000001 0.6271504625000001 0.601378471875 0.76680489375 0.571258184375 0.9523733468750001 0.53348834375
2 0.284375 0.65859375 0.04375 0.0328125
0 0.3671875 0.63828125 0.040625 0.03203125
3 0.44140625 0.6234375 0.040625 0.0328125
7 0.51796875 0.60546875 0.0328125 0.034375
1 0.5890625 0.590625 0.03984375 0.03125
10 0.65859375 0.5765625 0.03046875 0.034375
6 0.72578125 0.56171875 0.0359375 0.03046875
8 0.79296875 0.546875 0.03046875 0.03359375
5 0.85703125 0.5328125 0.0296875 0.03203125
4 0.92109375 0.5203125 0.03046875 0.03046875