9 0.5 0.5 1 1
11 0.8851610453125 0.6431259921875 0.8851610453125 0.61046255 0.0187123015625 0.6175518359375001 0.0207202375 0.6512919140625 0.8851610453125 0.6431259921875
2 0.2546875 0.63203125 0.03984375 0.03046875
0 0.32109375 0.63125 0.03984375 0.03046875
3 0.38828125 0.63125 0.03984375 0.03046875
7 0.45390625 0.63046875 0.03984375 0.03046875
1 0.52109375 0.6296875 0.03984375 0.03046875
10 0.5875 0.62890625 0.03984375 0.03046875
6 0.6546875 0.628125 0.03984375 0.03046875
8 0.7234375 0.628125 0.03984375 0.03046875
5 0.7921875 0.62734375 0.03984375 0.03046875
4 0.86171875 0.6265625 0.03984375 0.03046875