9 0.5 0.5 1 1
11 0.48021858437500003 0.9184868546875 0.5250796953125 0.9181044140625 0.519472221875 0.187346478125 0.4746107796875 0.1881111109375 0.48021858437500003 0.9184868546875
2 0.50078125 0.43125 0.04296875 0.03125
0 0.5 0.4828125 0.04140625 0.03203125
3 0.50078125 0.53359375 0.04453125 0.03125
7 0.50078125 0.5859375 0.04296875 0.03203125
1 0.50078125 0.6375 0.0421875 0.03203125
10 0.5015625 0.6890625 0.0421875 0.0328125
6 0.50234375 0.74140625 0.0421875 0.0328125
8 0.50234375 0.79375 0.0421875 0.034375
5 0.50234375 0.846875 0.0421875 0.03203125
4 0.50390625 0.9 0.04375 0.0328125