9 0.5 0.5 1 1
11 0.26632506562499997 0.9408583828125 0.3139550265625 0.9393489578124999 0.3012089953125 0.7743115078125 0.26632506562499997 0.271097965625 0.2166825390625 0.272607390625 0.2589457671875 0.8668174609375001 0.26632506562499997 0.9408583828125
2 0.278125 0.79375 0.04609375 0.03515625
0 0.27578125 0.73984375 0.046875 0.0359375
3 0.27265625 0.68515625 0.04765625 0.03828125
7 0.26875 0.6296875 0.0484375 0.0359375
1 0.265625 0.57578125 0.04609375 0.03671875
10 0.26171875 0.5203125 0.0453125 0.03671875
6 0.2578125 0.4640625 0.04453125 0.0359375
8 0.253125 0.40859375 0.0453125 0.03671875
5 0.24921875 0.35 0.04296875 0.03671875
4 0.24296875 0.2921875 0.04765625 0.03671875