9 0.5 0.5 1 1
11 0.8138227515625 0.999751984375 0.880625 0.999751984375 0.8825598546875 0.8404476687500001 0.8825777109375 0.7635193453125 0.8802225531250001 0.5420786203125 0.8834606484374999 0.21063516875000002 0.883755290625 0.0668998015625 0.8119067453125 0.0681626984375 0.811023478125 0.21441517812500002 0.8095515875 0.3790682046875 0.811023478125 0.5629037703125 0.8139672625 0.83978521875 0.8138227515625 0.999751984375
2 0.85078125 0.81484375 0.0640625 0.04375
0 0.84921875 0.73984375 0.06015625 0.04296875
3 0.846875 0.66640625 0.065625 0.0484375
7 0.84765625 0.58828125 0.065625 0.046875
1 0.84765625 0.5109375 0.065625 0.046875
10 0.84609375 0.43359375 0.065625 0.04609375
6 0.84609375 0.35234375 0.0640625 0.04765625
8 0.846875 0.26953125 0.065625 0.04609375
5 0.84765625 0.184375 0.06796875 0.04609375
4 0.846875 0.0953125 0.065625 0.04609375