9 0.5 0.5 1 1
11 0.9561335984375001 0.49832663750000006 0.9561335984375001 0.45902579374999997 0.9526008593749999 0.457259425 0.609049271875 0.46145436562500003 0.30355026406249996 0.464545634375 0.0011775796874999999 0.468078125 0.0014718921875000002 0.512678075 0.336262565625 0.5093663187499999 0.6120578703125 0.5060543156249999 0.8896018515625 0.503184028125 0.9531898140624999 0.5029632937499999 0.9561335984375001 0.49832663750000006
2 0.08984375 0.48984375 0.05703125 0.0421875
0 0.184375 0.48828125 0.05703125 0.0421875
3 0.275 0.4875 0.05703125 0.0421875
7 0.3671875 0.4859375 0.05703125 0.0421875
1 0.45859375 0.48515625 0.05703125 0.0421875
10 0.55 0.48515625 0.05703125 0.0421875
6 0.64140625 0.4828125 0.05703125 0.0421875
8 0.73203125 0.48203125 0.05703125 0.0421875
5 0.82734375 0.48203125 0.05703125 0.0421875
4 0.921875 0.48046875 0.05703125 0.0421875