9 0.5 0.5 1 1
11 0.8291494703125 0.1338333328125 0.5473951718750001 0.132323909375 0.307233134375 0.129305059375 0.000670965625 0.129808284375 0 0.1690525796875 0.1381937828125 0.1675431546875 0.30992989375 0.1690525796875 0.550762896875 0.1705620046875 0.8304910718749999 0.171065228125 0.8291494703125 0.1338333328125
2 0.1078125 0.14765625 0.05546875 0.0390625
0 0.18828125 0.146875 0.0546875 0.0375
3 0.26875 0.14765625 0.0546875 0.03984375
7 0.35 0.14921875 0.05390625 0.040625
1 0.428125 0.15 0.05078125 0.03984375
10 0.50390625 0.15234375 0.04921875 0.03984375
6 0.58125 0.15078125 0.0515625 0.0390625
8 0.6546875 0.15234375 0.0515625 0.0390625
5 0.728125 0.153125 0.05 0.0375
4 0.8046875 0.153125 0.046875 0.03671875