9 0.5 0.5 1 1
11 0.47267592656249996 0.9984074906249999 0.5275866406249999 0.999751984375 0.53871693125 0.5993782234375 0.5483634265624999 0.2092537203125 0.4904847890625 0.20814062500000002 0.4867744703125 0.4034811515625 0.47267592656249996 0.9984074906249999
4 0.51953125 0.23125 0.0546875 0.04140625
5 0.51875 0.30078125 0.0546875 0.040625
8 0.5171875 0.36640625 0.05234375 0.04140625
6 0.51484375 0.43046875 0.0546875 0.03984375
10 0.51328125 0.49609375 0.0515625 0.0375
1 0.51171875 0.559375 0.05078125 0.0390625
7 0.50859375 0.62265625 0.05234375 0.03828125
3 0.5078125 0.68828125 0.05 0.0375
0 0.50625 0.75 0.0515625 0.04140625
2 0.50546875 0.815625 0.05234375 0.040625