9 0.5 0.5 1 1
11 0.5917175921875 0.1571547625 0.32881216874999997 0.160686259375 0.0007847218749999999 0.16598363124999999 0 0.2101282234375 0.2432857140625 0.20659647812499998 0.5901481484375 0.2024764390625 0.9362417328125 0.197767609375 0.9338872359374999 0.1512688484375 0.5917175921875 0.1571547625
2 0.11484375 0.184375 0.05546875 0.04296875
0 0.20078125 0.184375 0.05703125 0.04296875
3 0.28515625 0.18359375 0.05625 0.04375
7 0.37265625 0.1828125 0.05625 0.04375
1 0.45859375 0.18203125 0.05625 0.04375
10 0.5453125 0.18125 0.0546875 0.0421875
6 0.6328125 0.17890625 0.05859375 0.04453125
8 0.7234375 0.17734375 0.059375 0.04609375
5 0.8125 0.175 0.05625 0.04453125
4 0.90390625 0.17421875 0.06015625 0.04375