9 0.5 0.5 1 1
11 0 0.28080133906250004 0.45856944374999997 0.27535937499999996 0.9941091265625 0.2699174109375 0.9933835984374999 0.22474975156250002 0.0007255296875 0.23236855156249997 0 0.28080133906250004
2 0.1171875 0.25625 0.06171875 0.0453125
0 0.21875 0.2546875 0.06171875 0.0453125
3 0.31171875 0.25625 0.06171875 0.0453125
7 0.409375 0.25390625 0.06171875 0.0453125
1 0.50234375 0.25234375 0.06171875 0.0453125
10 0.5953125 0.253125 0.06171875 0.0453125
6 0.6875 0.2515625 0.06171875 0.0453125
8 0.7796875 0.25078125 0.06171875 0.0453125
4 0.96171875 0.24765625 0.06171875 0.0453125
5 0.86796875 0.2484375 0.06171875 0.0453125