9 0.5 0.5 1 1
11 0.222880953125 0.8048435015625 0.23116633593749997 0.9669342765625 0.284001653125 0.9655101687500001 0.277805225 0.8082765375 0.26747784375 0.36596205312499996 0.262314153125 0.235837796875 0.2065466265625 0.235837796875 0.2168740078125 0.4867919140625 0.222880953125 0.8048435015625
2 0.25078125 0.8328125 0.053125 0.03984375
0 0.24921875 0.771875 0.05234375 0.0421875
3 0.246875 0.71171875 0.05390625 0.04140625
7 0.24609375 0.64765625 0.0546875 0.03984375
1 0.24453125 0.58515625 0.0546875 0.040625
10 0.24453125 0.521875 0.05390625 0.0421875
6 0.24140625 0.45859375 0.0546875 0.0421875
8 0.23828125 0.39453125 0.05546875 0.04375
5 0.23671875 0.328125 0.05625 0.04375
4 0.23359375 0.25859375 0.05546875 0.04375