9 0.5 0.5 1 1
11 0.2456243390625 0.6905751484375 0.12492625625 0.9068063000000001 0.1813961640625 0.9245972218749999 0.40744378281250004 0.5169268359375 0.590277115625 0.185097221875 0.5421372359375 0.169399553125 0.42492757968749995 0.37556324375 0.2456243390625 0.6905751484375
4 0.55390625 0.19609375 0.04140625 0.03125
5 0.525 0.25390625 0.04140625 0.03125
8 0.49140625 0.30859375 0.04140625 0.03125
6 0.46015625 0.36640625 0.04140625 0.03125
10 0.42734375 0.42265625 0.04140625 0.03125
1 0.39375 0.48203125 0.04140625 0.03125
7 0.36015625 0.5421875 0.04453125 0.0328125
3 0.32578125 0.60390625 0.04140625 0.03203125
0 0.290625 0.66640625 0.04609375 0.0328125
2 0.253125 0.7328125 0.04609375 0.0328125