9 0.5 0.5 1 1
11 0.560194775 0.1630151296875 0.51591898125 0.15446180625 0.2488829359375 0.76174305625 0.3025505953125 0.7753276296875 0.560194775 0.1630151296875
2 0.3421875 0.61484375 0.04140625 0.0328125
0 0.3671875 0.56015625 0.04453125 0.0265625
3 0.39140625 0.5046875 0.0421875 0.0296875
7 0.41328125 0.45234375 0.04140625 0.0234375
1 0.43515625 0.40234375 0.03984375 0.02890625
10 0.45546875 0.3546875 0.03828125 0.0265625
6 0.47421875 0.30703125 0.0390625 0.025
8 0.49375 0.26171875 0.03671875 0.02578125
5 0.51171875 0.21796875 0.0375 0.0234375
4 0.53125 0.17421875 0.03984375 0.021875