9 0.5 0.5 1 1
11 0 0.3322162703125 0.552373015625 0.34693105156250004 0.922130953125 0.35145858125 0.9183581343749999 0.3214630453125 0.55086375625 0.31806721250000003 0.1969527109375 0.30618229218750004 0 0.299390625 0 0.3322162703125
2 0.31875 0.32578125 0.04140625 0.02734375
0 0.3875 0.328125 0.0375 0.0265625
3 0.45234375 0.32890625 0.03828125 0.028125
7 0.51875 0.33125 0.0375 0.02578125
1 0.58125 0.33203125 0.040625 0.0265625
10 0.64609375 0.33359375 0.03515625 0.02578125
6 0.709375 0.334375 0.0359375 0.02578125
8 0.771875 0.334375 0.0375 0.02734375
5 0.834375 0.3359375 0.0359375 0.02578125
4 0.896875 0.3359375 0.03671875 0.02734375