9 0.5 0.5 1 1
11 0.9500201718750001 0.604034721875 0.9351236765625 0.5639890875 0.064336309375 0.6909972718749999 0.0611832015625 0.7288283734375 0.9500201718750001 0.604034721875
2 0.2359375 0.68515625 0.0390625 0.03203125
0 0.30390625 0.675 0.0390625 0.0328125
3 0.37265625 0.665625 0.0421875 0.03359375
7 0.4453125 0.6546875 0.04140625 0.03359375
1 0.5171875 0.64375 0.04140625 0.03359375
10 0.59140625 0.6328125 0.0421875 0.03359375
6 0.6671875 0.62265625 0.0421875 0.034375
8 0.7453125 0.61171875 0.0453125 0.03359375
5 0.8265625 0.60078125 0.0453125 0.034375
4 0.9140625 0.58828125 0.046875 0.03515625