9 0.5 0.5 1 1
11 0.34971329375 0.6912165171875 0.33492956406249996 0.9856716265625 0.39355489375 0.986436259375 0.3976332671875 0.8342651296874999 0.41088756562500006 0.5994625499999999 0.42924007968750005 0.24693030781249997 0.374692790625 0.24769494062500003 0.34971329375 0.6912165171875
4 0.4015625 0.26953125 0.05234375 0.04140625
5 0.39765625 0.33515625 0.05234375 0.04140625
8 0.3953125 0.39765625 0.05234375 0.04140625
6 0.39140625 0.4609375 0.05234375 0.04140625
10 0.3890625 0.52578125 0.05234375 0.04140625
1 0.38359375 0.5921875 0.05234375 0.04140625
7 0.3796875 0.6578125 0.05625 0.04296875
3 0.37578125 0.72734375 0.05625 0.04296875
0 0.371875 0.79765625 0.05625 0.04296875
2 0.36640625 0.86640625 0.05625 0.04296875