9 0.5 0.5 1 1
11 0.43763525156250005 0.9584771828124999 0.5012433859375001 0.9598025796874999 0.50654398125 0.0783306046875 0.44646957656249997 0.0783306046875 0.43763525156250005 0.9584771828124999
2 0.4703125 0.7390625 0.05546875 0.04375
0 0.47109375 0.66875 0.05546875 0.04375
3 0.4703125 0.5984375 0.05546875 0.04375
7 0.471875 0.528125 0.05546875 0.04375
1 0.4734375 0.45859375 0.0578125 0.04375
10 0.4734375 0.3890625 0.05703125 0.04375
6 0.47265625 0.31796875 0.05546875 0.04375
8 0.475 0.246875 0.0578125 0.04375
5 0.47421875 0.175 0.06171875 0.04375
4 0.47578125 0.103125 0.0609375 0.04375