9 0.5 0.5 1 1
11 0.30095039687499997 0.2933720234375 0.572509590625 0.286387153125 0.9793776453125 0.268740575 0.9779070765625001 0.238226934375 0.51957010625 0.26249082343749996 0.35830125625 0.2672700890625 0.1671312828125 0.27204935468749997 0.1632099875 0.2955778765625 0.30095039687499997 0.2933720234375
2 0.6625 0.26875 0.034375 0.02265625
0 0.60234375 0.271875 0.0328125 0.021875
3 0.54453125 0.2734375 0.03203125 0.02109375
7 0.4890625 0.27578125 0.03046875 0.02109375
1 0.434375 0.27734375 0.02734375 0.021875
10 0.38203125 0.27890625 0.0265625 0.02109375
6 0.3296875 0.28046875 0.0265625 0.0203125
8 0.28046875 0.28046875 0.02734375 0.01875
5 0.23125 0.28203125 0.02421875 0.01796875
4 0.18125 0.2828125 0.025 0.01953125