9 0.5 0.5 1 1
11 0.8514751984375 0.3787137890625 0.71191534375 0.415284721875 0.5466111109375 0.46556944375000003 0.4016312828125 0.5072192453125 0.23497222187500003 0.5539486609375001 0.0000783734375 0.6213928578125001 0.0009090609374999999 0.6786763390624999 0.1682453703125 0.624328125 0.415524140625 0.5476312 0.7620486109375 0.44423635937499995 0.870444775 0.41071329375000004 0.8514751984375 0.3787137890625
2 0.2015625 0.58828125 0.05078125 0.03359375
0 0.290625 0.56171875 0.05234375 0.03359375
3 0.37265625 0.53671875 0.04453125 0.03125
7 0.45078125 0.51328125 0.040625 0.0328125
1 0.5234375 0.4921875 0.0390625 0.03046875
10 0.59375 0.47265625 0.03359375 0.028125
6 0.65703125 0.4515625 0.03359375 0.0265625
8 0.7171875 0.43359375 0.03046875 0.02890625
5 0.778125 0.415625 0.02734375 0.02890625
4 0.83984375 0.39921875 0.0296875 0.028125