9 0.5 0.5 1 1
11 0.74738194375 0.0315153765625 0.703536375 0.026819443749999998 0.608329034375 0.11792311562499999 0.5005942453125 0.21701016874999998 0.387848875 0.3212708328125 0.14110747343750002 0.55161954375 0.0037910046875 0.6849466765625001 0.0020079359375 0.7564652781250001 0.1892255296875 0.5693102671875 0.394785053125 0.37594766874999996 0.5714196421875 0.2091587296875 0.7523928578125 0.03715079375 0.74738194375 0.0315153765625
2 0.19765625 0.52578125 0.0421875 0.028125
0 0.2640625 0.4625 0.0390625 0.02421875
3 0.325 0.40546875 0.040625 0.0234375
7 0.38671875 0.34765625 0.04296875 0.02265625
1 0.4453125 0.29375 0.0390625 0.02265625
10 0.5 0.24296875 0.03828125 0.01953125
6 0.55546875 0.18828125 0.04140625 0.0203125
8 0.60859375 0.13984375 0.04140625 0.01640625
5 0.6625 0.090625 0.0390625 0.01875
4 0.71015625 0.04609375 0.03828125 0.01796875