9 0.5 0.5 1 1
11 0.061435185937500005 0.6668514390625 0.0882433859375 0.702037203125 0.8411041671874999 0.2630545640625 0.8031259921875 0.22954439531249998 0.061435185937500005 0.6668514390625
2 0.18828125 0.61875 0.0421875 0.02734375
0 0.253125 0.58125 0.04375 0.02578125
3 0.31953125 0.54375 0.046875 0.0234375
7 0.38671875 0.503125 0.046875 0.0234375
1 0.4515625 0.465625 0.04375 0.0265625
10 0.51953125 0.4265625 0.03828125 0.03046875
6 0.58671875 0.3859375 0.046875 0.02421875
8 0.65625 0.3453125 0.04296875 0.02734375
5 0.72578125 0.30234375 0.05078125 0.0234375
4 0.8 0.25859375 0.053125 0.021875