9 0.5 0.5 1 1
11 0.840958003125 0.199220734375 0.78706646875 0.19762574375 0.784229828125 0.2422834828125 0.7650839953124999 0.435605159375 0.749483796875 0.6315724203124999 0.7369642859375001 0.7942686015625 0.77642989375 0.8056664187499999 0.78706646875 0.7140783734375 0.8055029765624999 0.52298834375 0.8289034390625 0.3028901296875 0.840958003125 0.199220734375
4 0.81171875 0.21953125 0.04765625 0.0359375
5 0.80625 0.27578125 0.0453125 0.034375
8 0.80078125 0.33125 0.04609375 0.03515625
6 0.79609375 0.384375 0.0453125 0.0328125
10 0.790625 0.4375 0.04375 0.03046875
1 0.784375 0.48828125 0.0421875 0.03046875
7 0.7796875 0.53828125 0.040625 0.0328125
3 0.77578125 0.58828125 0.0421875 0.03203125
0 0.7734375 0.63515625 0.040625 0.03125
2 0.76796875 0.68359375 0.040625 0.0296875