9 0.5 0.5 1 1
11 0.4963389546875 0.221903521875 0.43828207656249996 0.22475868124999998 0.47397255312500003 0.9383087796874999 0.523939484375 0.9372380953125001 0.4963389546875 0.221903521875
4 0.46796875 0.24609375 0.05546875 0.04453125
5 0.47109375 0.31875 0.05546875 0.04453125
8 0.475 0.38515625 0.05390625 0.04296875
6 0.47734375 0.4484375 0.05390625 0.040625
10 0.47890625 0.5125 0.05390625 0.040625
1 0.4828125 0.57421875 0.05390625 0.040625
7 0.48515625 0.63203125 0.0515625 0.03984375
3 0.4859375 0.6921875 0.0515625 0.03984375
0 0.4890625 0.7484375 0.0515625 0.0375
2 0.49140625 0.80390625 0.0515625 0.03515625