9 0.5 0.5 1 1
11 0.36509391562500004 0.2418908734375 0.6424619703125 0.23221527812499998 0.9946550921874999 0.21383134843749999 0.99594510625 0.1852884421875 0.5947288359375 0.2075424109375 0.327036375 0.2177016375 0.1831917984375 0.2206044140625 0.1773865734375 0.244793403125 0.36509391562500004 0.2418908734375
4 0.1984375 0.23203125 0.02578125 0.0234375
5 0.2484375 0.23046875 0.0265625 0.025
8 0.29609375 0.2296875 0.02578125 0.02421875
6 0.34609375 0.228125 0.02890625 0.025
10 0.39921875 0.228125 0.0296875 0.0234375
1 0.45078125 0.225 0.03125 0.0234375
7 0.5046875 0.2234375 0.03203125 0.025
3 0.56171875 0.221875 0.034375 0.0265625
0 0.61953125 0.21875 0.0359375 0.0265625
2 0.68046875 0.215625 0.0375 0.0265625