9 0.5 0.5 1 1
11 0.7177840609375 0.182287946875 0.6757913359375001 0.182287946875 0.6738379625 0.2753067953125 0.6709084 0.6111564984375 0.67627943125 0.830944940625 0.72120205 0.8298462296875 0.7153425921875 0.6566111109375 0.71338955 0.5137502484375001 0.7148541671875 0.36836235156249997 0.7177840609375 0.21964186562500002 0.7177840609375 0.182287946875
4 0.696875 0.19921875 0.03828125 0.03046875
5 0.69609375 0.25 0.03984375 0.03046875
8 0.6953125 0.29921875 0.03984375 0.03125
6 0.69453125 0.3484375 0.03984375 0.03125
10 0.69375 0.396875 0.0390625 0.0296875
1 0.69296875 0.44453125 0.03984375 0.03046875
7 0.69296875 0.49296875 0.03984375 0.03046875
3 0.69296875 0.54140625 0.03984375 0.0296875
0 0.69375 0.590625 0.0390625 0.02890625
2 0.6953125 0.6390625 0.03984375 0.03125