9 0.5 0.5 1 1
11 0.49043749999999997 0.9188231640625 0.5351276453125 0.9197544640625 0.5276792328125001 0.1896200390625 0.4853736765625 0.1905188484375 0.49043749999999997 0.9188231640625
2 0.50703125 0.43125 0.0421875 0.03046875
0 0.5078125 0.484375 0.0421875 0.03046875
3 0.5078125 0.53515625 0.0421875 0.03046875
7 0.50859375 0.58671875 0.0421875 0.03046875
10 0.50859375 0.690625 0.0421875 0.03046875
6 0.509375 0.7421875 0.0421875 0.03046875
8 0.51015625 0.79453125 0.0421875 0.03046875
5 0.51015625 0.8484375 0.0421875 0.03046875
4 0.5125 0.9015625 0.0421875 0.03046875
1 0.50859375 0.63984375 0.0421875 0.03046875