9 0.5 0.5 1 1
11 0.25036011875 0.8340860609374999 0.0012900125 0.8437150296875 0.0032251984375 0.883869046875 0.578009259375 0.858228421875 0.9825023140625 0.83742584375 0.977987103125 0.79678819375 0.5551620374999999 0.8176999015625 0.25036011875 0.8340860609374999
2 0.209375 0.85703125 0.0484375 0.0375
0 0.29296875 0.85390625 0.05234375 0.0375
3 0.375 0.85 0.0484375 0.03984375
7 0.45703125 0.84453125 0.04921875 0.040625
1 0.5375 0.840625 0.0515625 0.040625
10 0.61875 0.8359375 0.0515625 0.040625
6 0.703125 0.83125 0.05 0.03984375
8 0.784375 0.828125 0.05234375 0.03984375
5 0.8671875 0.82421875 0.053125 0.03828125
4 0.9515625 0.81953125 0.05390625 0.03984375