9 0.5 0.5 1 1
11 0.8478958328124999 0.761085565625 0.958802909375 0.770303571875 0.9633687171875 0.7367130453125 0.4031431875 0.6951168156249999 0.001410384375 0.6674389875 0 0.6926733625 0.078983465625 0.7006140875 0.387685515625 0.723214534375 0.64836045 0.744287946875 0.8478958328124999 0.761085565625
2 0.12578125 0.6921875 0.03046875 0.025
0 0.19609375 0.69765625 0.03125 0.02265625
3 0.27265625 0.7046875 0.02890625 0.025
7 0.35390625 0.71015625 0.0359375 0.028125
1 0.43828125 0.715625 0.04140625 0.025
10 0.52578125 0.721875 0.04375 0.02578125
6 0.61796875 0.7296875 0.04921875 0.025
8 0.71328125 0.7375 0.05859375 0.02265625
5 0.8140625 0.74453125 0.0625 0.0265625
4 0.9234375 0.7546875 0.0640625 0.0265625