9 0.5 0.5 1 1
11 0.44101124374999995 0.84428993125 0.4922691796875 0.8515434031250001 0.6076772484374999 0.18366369062500001 0.5623280421875 0.18209375 0.44101124374999995 0.84428993125
2 0.49140625 0.70625 0.04609375 0.03515625
0 0.50234375 0.64609375 0.04609375 0.034375
3 0.5125 0.58828125 0.04609375 0.034375
7 0.5234375 0.528125 0.04453125 0.034375
1 0.5328125 0.47265625 0.04453125 0.03359375
10 0.54296875 0.4171875 0.04453125 0.0328125
6 0.5515625 0.36171875 0.04375 0.03359375
8 0.5609375 0.30859375 0.04375 0.03359375
5 0.5703125 0.2546875 0.04296875 0.03359375
4 0.58046875 0.20078125 0.0421875 0.03359375