9 0.5 0.5 1 1
11 0.281369378125 0.8686200390625001 0.2985889546875 0.27198462343749996 0.3020327375 0.1740029765625 0.2996220234375 0.1716783234375 0.2968670640625 0.1696118546875 0.25106283125 0.1696118546875 0.24830753906249997 0.17219494062500001 0.24589682499999999 0.17710243125 0.23832010625 0.38356795625 0.221444775 0.70643675625 0.21903406093750002 0.733815971875 0.21490145468750002 0.8593214281250001 0.21283498750000002 0.9528241562499999 0.22557771093749998 0.9520751484375 0.239008928125 0.952591765625 0.25485085937499996 0.9536250000000001 0.267593584375 0.9554330359375 0.2810248015625 0.9582743062500001 0.281369378125 0.8686200390625001
4 0.27421875 0.1875 0.0484375 0.03359375
8 0.27109375 0.24296875 0.05390625 0.03203125
8 0.2703125 0.29609375 0.0515625 0.034375
6 0.26875 0.353125 0.0546875 0.0359375
10 0.265625 0.41328125 0.05625 0.0375
1 0.2640625 0.475 0.05390625 0.03984375
7 0.2625 0.5390625 0.05703125 0.0421875
3 0.2578125 0.60859375 0.05859375 0.04375
0 0.2546875 0.68125 0.05859375 0.04609375
2 0.2515625 0.75859375 0.0640625 0.04921875