9 0.5 0.5 1 1
11 0.7069970234375 0.8342041171875 0.757924603125 0.8321044140625 0.745023809375 0.6564915671875 0.7089014546875 0.1465471234375 0.65729795 0.1479985125 0.6663283734375 0.3192571921875 0.7069970234375 0.8342041171875
2 0.7203125 0.68671875 0.0484375 0.034375
0 0.7171875 0.62890625 0.0484375 0.0359375
3 0.7109375 0.57109375 0.04921875 0.0359375
7 0.70625 0.51328125 0.05078125 0.0375
1 0.70234375 0.4578125 0.04921875 0.03515625
10 0.6984375 0.40078125 0.0484375 0.03515625
6 0.69375 0.34296875 0.04765625 0.03515625
8 0.690625 0.28515625 0.04921875 0.0359375
5 0.6875 0.22734375 0.04921875 0.0359375
4 0.68359375 0.16875 0.04765625 0.0359375