9 0.5 0.5 1 1
11 0.3663958328125 0.41081299531250004 0.3276630296875 0.8453251484375001 0.3874146828125 0.8475967265625 0.3990115734375 0.7068546625 0.41495701093750004 0.47290401718749997 0.4316276453125 0.1771483140625 0.3823412703125 0.1771483140625 0.3663958328125 0.41081299531250004
2 0.37109375 0.68203125 0.05390625 0.04453125
0 0.375 0.615625 0.05390625 0.03984375
3 0.38359375 0.5546875 0.05390625 0.03828125
7 0.3859375 0.4953125 0.0484375 0.03515625
1 0.39140625 0.440625 0.0484375 0.034375
10 0.39296875 0.3890625 0.046875 0.03125
6 0.3984375 0.3359375 0.0453125 0.03046875
8 0.40234375 0.28671875 0.0453125 0.03046875
5 0.40546875 0.2375 0.04453125 0.03125
4 0.40859375 0.19375 0.04453125 0.028125