9 0.5 0.5 1 1
11 0.9876666671875001 0.5059995046875 0.9996273140625 0.47072544687500006 0 0.4520275296875 0.0007655421875 0.485329365625 0.9876666671875001 0.5059995046875
2 0.08828125 0.46953125 0.0359375 0.0296875
0 0.1765625 0.471875 0.04765625 0.0296875
3 0.265625 0.47578125 0.04296875 0.0296875
7 0.35703125 0.478125 0.04921875 0.0296875
1 0.44921875 0.478125 0.05078125 0.0296875
10 0.54453125 0.48046875 0.053125 0.03125
6 0.6390625 0.4828125 0.053125 0.03125
8 0.740625 0.4875 0.053125 0.03125
5 0.84375 0.48828125 0.0625 0.03125
4 0.95546875 0.48984375 0.053125 0.03125