9 0.5 0.5 1 1
11 0.201597553125 0.8435384421875 0.20486210312500003 0.999621528125 0.257097884375 0.999621528125 0.2546494703125 0.8716845234375 0.27097321406249997 0.2509399796875 0.219553571875 0.2521641859375 0.20486210312500003 0.725959078125 0.201597553125 0.8435384421875
2 0.22890625 0.815625 0.0546875 0.04453125
0 0.23125 0.7484375 0.05390625 0.04375
3 0.23359375 0.68515625 0.05390625 0.04296875
7 0.2359375 0.62109375 0.053125 0.04140625
1 0.23828125 0.559375 0.0515625 0.03984375
10 0.240625 0.5 0.04921875 0.0375
6 0.24140625 0.440625 0.05234375 0.03828125
8 0.24375 0.384375 0.05234375 0.0375
5 0.24453125 0.328125 0.05 0.0359375
4 0.24453125 0.27109375 0.05078125 0.03671875