9 0.5 0.5 1 1
11 0.522501653125 0.9622497515624999 0.5178928578125 0.6724561015625 0.5116074734375 0.170860615625 0.460069775 0.1718033234375 0.47347784375 0.961935515625 0.522501653125 0.9622497515624999
4 0.4859375 0.190625 0.04921875 0.03828125
5 0.48671875 0.25 0.0484375 0.03671875
8 0.4875 0.30625 0.0484375 0.03671875
6 0.4890625 0.3625 0.0484375 0.03671875
10 0.4890625 0.41953125 0.04921875 0.0359375
1 0.490625 0.475 0.0484375 0.0359375
7 0.49140625 0.5296875 0.046875 0.0359375
3 0.49296875 0.58671875 0.0484375 0.0359375
0 0.49296875 0.6421875 0.04765625 0.0359375
2 0.49375 0.69765625 0.04765625 0.0359375