9 0.5 0.5 1 1
11 0.7738095234375 0.9734623015625001 0.821759259375 0.9734623015625001 0.9110449734375001 0.10292658750000001 0.849867725 0.1016865078125 0.7738095234375 0.9734623015625001
2 0.82265625 0.7109375 0.05078125 0.0390625
0 0.82734375 0.6515625 0.05078125 0.03984375
3 0.83359375 0.590625 0.053125 0.040625
7 0.8390625 0.528125 0.0546875 0.04140625
1 0.84453125 0.46484375 0.0546875 0.0421875
10 0.85078125 0.40078125 0.05390625 0.0421875
6 0.8578125 0.334375 0.053125 0.04296875
8 0.86484375 0.2671875 0.05390625 0.0453125
5 0.87265625 0.1984375 0.053125 0.046875
4 0.878125 0.1265625 0.05546875 0.0453125