9 0.5 0.5 1 1
11 0.899347221875 0.35485391875 0.8835790343750001 0.3207889390625 0.0011719578125 0.563148065625 0.0006577375 0.6331850203125 0.899347221875 0.35485391875
2 0.2546875 0.52421875 0.05546875 0.03671875
0 0.35390625 0.49609375 0.046875 0.0359375
3 0.44140625 0.471875 0.04375 0.0359375
7 0.52109375 0.4484375 0.03671875 0.03359375
1 0.590625 0.4265625 0.0359375 0.0328125
10 0.65703125 0.40625 0.0328125 0.03359375
6 0.71796875 0.38828125 0.03046875 0.03125
8 0.77578125 0.371875 0.02734375 0.03203125
5 0.82734375 0.35703125 0.0265625 0.03203125
4 0.8765625 0.34375 0.02265625 0.0328125