9 0.5 0.5 1 1
11 0.987103175 0.4985119046875 0.9804894187500001 0.45386904687499996 0 0.53447420625 0.003306878125 0.5853174609375 0.987103175 0.4985119046875
2 0.13671875 0.54609375 0.059375 0.040625
0 0.2296875 0.53828125 0.05625 0.04453125
3 0.321875 0.53046875 0.05703125 0.0421875
7 0.4140625 0.52265625 0.05546875 0.04140625
1 0.50390625 0.515625 0.05546875 0.04140625
10 0.59296875 0.50859375 0.0515625 0.0421875
6 0.68203125 0.50078125 0.053125 0.040625
8 0.7703125 0.49296875 0.05234375 0.04140625
5 0.85703125 0.48515625 0.05390625 0.03984375
4 0.94765625 0.478125 0.0515625 0.03984375