9 0.5 0.5 1 1
11 0.157012896875 0.7106063984375 0.0013422625 0.7155964781249999 0.001836309375 0.753986359375 0.47281944375 0.7422807546875 0.9741183859375001 0.7305749015624999 0.9704457671875 0.688572171875 0.5260873015625 0.6989005453125 0.157012896875 0.7106063984375
2 0.190625 0.73125 0.0515625 0.0375
0 0.2703125 0.72890625 0.05234375 0.03671875
3 0.3484375 0.7265625 0.053125 0.0390625
7 0.43046875 0.7234375 0.0515625 0.03984375
1 0.51171875 0.721875 0.05234375 0.03984375
10 0.59296875 0.71875 0.05234375 0.03984375
6 0.678125 0.7171875 0.05234375 0.03984375
8 0.76171875 0.715625 0.0546875 0.03984375
5 0.8484375 0.71328125 0.05390625 0.04140625
4 0.940625 0.7109375 0.05390625 0.0421875