9 0.5 0.5 1 1
11 0.0424143515625 0.7153420140625 0.041883928125 0.751129215625 0.616617725 0.7570935015625 0.9422635578125 0.763455853125 0.941733134375 0.723294890625 0.46876190468749995 0.71573983125 0.0424143515625 0.7153420140625
2 0.20234375 0.734375 0.046875 0.03828125
0 0.27734375 0.734375 0.0484375 0.0390625
3 0.3515625 0.73515625 0.05078125 0.0390625
7 0.428125 0.7359375 0.04921875 0.03984375
1 0.50390625 0.73671875 0.05078125 0.03984375
10 0.5828125 0.7375 0.05234375 0.0390625
6 0.6625 0.73828125 0.05234375 0.03984375
8 0.74375 0.7390625 0.0546875 0.040625
5 0.8265625 0.74140625 0.05625 0.03984375
4 0.9125 0.74296875 0.0546875 0.03984375