9 0.5 0.5 1 1
11 0.9791812171875 0.195783234375 0.97313194375 0.19316567499999998 0.9203181218750001 0.192293403125 0.9145016531250001 0.195783234375 0.8862800921874999 0.1959575890625 0.8848842593749999 0.1935146328125 0.8232291671875 0.19421279687499998 0.8220661375 0.19648115156249998 0.7931557546875 0.196830109375 0.791527115625 0.1938638390625 0.7294070765625 0.1935146328125 0.7256845234375 0.1959575890625 0.7019530421875 0.196306546875 0.6974672625 0.1938638390625 0.644420965625 0.1938638390625 0.63162466875 0.1970047125 0.6031984125000001 0.1978772328125 0.5997083328125 0.195783234375 0.538053571875 0.1950853171875 0.5366577375 0.1973536703125 0.507575065625 0.1971790671875 0.5052486765624999 0.19421279687499998 0.43977347812499995 0.19456175625 0.43744675937500005 0.19665575468750002 0.41231944374999996 0.1973536703125 0.40696858437500005 0.19403819375 0.341777115625 0.194387153125 0.3396832015625 0.19805158750000001 0.31036805625 0.19770262968750002 0.3094375 0.1959575890625 0.3045515875 0.1935146328125 0.23669874375000002 0.19408506875 0.235149140625 0.196990575 0.20609457656250002 0.19728125000000002 0.20338260625000001 0.1946661703125 0.1367506609375 0.19553794687499998 0.13442625625 0.198152778125 0.1030472890625 0.198443453125 0.1022724875 0.19582837343749998 0.03137896875 0.1967001484375 0.03137896875 0.1987338796875 0.0011620375 0.1993149796875 0.00005125625 0.2449908234375 0.97476058125 0.237836309375 0.9824384921875 0.23713839218750002 0.9861610453124999 0.233299603125 0.9791812171875 0.195783234375
2 0.06640625 0.21875 0.0640625 0.04296875
0 0.1703125 0.21953125 0.065625 0.04140625
3 0.2734375 0.21875 0.06640625 0.04453125
7 0.375 0.21875 0.0609375 0.0421875
1 0.47421875 0.21796875 0.0609375 0.0421875
10 0.571875 0.21875 0.05703125 0.04140625
6 0.66875 0.2171875 0.05625 0.03984375
8 0.76484375 0.21640625 0.05625 0.03984375
5 0.8578125 0.21640625 0.05078125 0.03828125
4 0.9515625 0.215625 0.05 0.03828125