9 0.5 0.5 1 1
11 0.51724305625 0.561171875 0.103660384375 0.6198943453125 0.10917427187499999 0.6558720234375001 0.40581911406250004 0.6136912203125 0.9782007281249999 0.5388407734375 0.9622103171875 0.50120858125 0.6936861765625 0.536359375 0.51724305625 0.561171875
2 0.27421875 0.61328125 0.04375 0.03046875
0 0.34453125 0.603125 0.04375 0.03046875
3 0.415625 0.59296875 0.04609375 0.03125
7 0.4890625 0.58359375 0.0421875 0.03203125
1 0.56015625 0.57421875 0.04453125 0.0328125
10 0.63359375 0.5640625 0.04296875 0.0328125
6 0.70859375 0.55390625 0.0421875 0.0328125
8 0.78515625 0.54375 0.040625 0.034375
5 0.86171875 0.534375 0.0453125 0.03359375
4 0.94140625 0.5234375 0.04765625 0.0328125