9 0.5 0.5 1 1
11 0.4220949078125 0.24959424531250002 0.0006977515625 0.2642452875 0.00201455 0.31788120000000003 0.45000198437499994 0.2982571921875 0.9690102515625 0.2698072921875 0.9616623671875001 0.22503075468749997 0.623026125 0.2406986609375 0.4220949078125 0.24959424531250002
2 0.07421875 0.28671875 0.06875 0.05
0 0.18359375 0.28359375 0.06640625 0.0484375
3 0.28671875 0.27890625 0.065625 0.04765625
7 0.38984375 0.275 0.06171875 0.04921875
1 0.48671875 0.27109375 0.05859375 0.046875
10 0.58046875 0.2671875 0.0546875 0.04453125
6 0.6734375 0.26171875 0.05546875 0.04453125
8 0.7625 0.25703125 0.053125 0.04453125
5 0.84921875 0.25390625 0.05234375 0.04453125
4 0.9359375 0.24921875 0.05078125 0.04296875