9 0.5 0.5 1 1
11 0.31999239375 0.8714260906250001 0.38439351875 0.6480148812500001 0.5541170640625 0.0713643359375 0.4991078046875 0.0613015875 0.2475413359375 0.8593509421875 0.31999239375 0.8714260906250001
4 0.5234375 0.0828125 0.04375 0.03203125
5 0.50390625 0.140625 0.04921875 0.028125
8 0.48671875 0.2 0.04921875 0.0328125
6 0.46953125 0.259375 0.05234375 0.0375
10 0.45 0.32109375 0.05078125 0.0375
1 0.4328125 0.38515625 0.0546875 0.04140625
7 0.4109375 0.45 0.0546875 0.0390625
3 0.390625 0.5203125 0.05625 0.04375
0 0.36875 0.59375 0.05546875 0.04609375
2 0.34375 0.67109375 0.05625 0.04453125