9 0.5 0.5 1 1
11 0.8018161375 0.81104290625 0.9447840609375 0.8138772328125 0.9435244703125001 0.774198909375 0.7854411375 0.771837053125 0.63680489375 0.7690029765624999 0.47431283124999996 0.7656964281249999 0.3288260578125 0.7652239578125 0.1946755953125 0.7647517359375 0.0017238750000000001 0.760880953125 0.0017238750000000001 0.7970825890625 0.1723888890625 0.800961309375 0.33632076718750004 0.8020682046875001 0.4780287703125 0.8039575890625 0.6355453046874999 0.80631944375 0.8018161375 0.81104290625
2 0.22109375 0.7828125 0.04296875 0.0359375
0 0.2953125 0.78359375 0.04453125 0.03671875
3 0.36796875 0.784375 0.046875 0.03828125
7 0.44453125 0.78515625 0.046875 0.03828125
1 0.5203125 0.78671875 0.0484375 0.03828125
10 0.59609375 0.7875 0.046875 0.03828125
6 0.67421875 0.78828125 0.04765625 0.03828125
8 0.75234375 0.790625 0.04765625 0.03984375
5 0.8328125 0.7921875 0.046875 0.03828125
4 0.91484375 0.79375 0.0484375 0.03828125