9 0.5 0.5 1 1
11 0.9522486765625 0.7845057046874999 0.9460416671875 0.7332844734374999 0.003762565625 0.7557911703125 0.0038247359374999996 0.8031314484375001 0.9522486765625 0.7845057046874999
2 0.0546875 0.78125 0.05625 0.04609375
0 0.14375 0.7796875 0.05703125 0.0421875
3 0.234375 0.778125 0.0578125 0.04375
7 0.32890625 0.775 0.0609375 0.0453125
1 0.42265625 0.771875 0.0625 0.046875
10 0.5171875 0.76953125 0.0609375 0.046875
6 0.6140625 0.76640625 0.0640625 0.046875
8 0.71171875 0.76484375 0.06328125 0.0453125
5 0.8125 0.76328125 0.059375 0.046875
4 0.91875 0.7609375 0.05703125 0.046875