9 0.5 0.5 1 1
11 0.8010453046875 0.275305059375 0.7662172625 0.25244915625000003 0.0682050265625 0.8206361609374999 0.11609358437499999 0.8511108625 0.8010453046875 0.275305059375
2 0.30078125 0.6609375 0.03828125 0.03515625
0 0.36328125 0.6109375 0.0375 0.03359375
3 0.4203125 0.5625 0.034375 0.0328125
7 0.47578125 0.5171875 0.03125 0.0328125
1 0.528125 0.47421875 0.0328125 0.0296875
10 0.578125 0.4328125 0.03125 0.03125
6 0.62890625 0.390625 0.03125 0.02890625
8 0.67421875 0.35234375 0.03359375 0.02734375
5 0.721875 0.3140625 0.03046875 0.02890625
4 0.765625 0.27734375 0.0296875 0.02890625