9 0.5 0.5 1 1
11 0.0166296296875 0.7070515875 0.28327943125 0.6206056546875 0.9158296953124999 0.4171775796875 0.8969060843750001 0.3823412703125 0.0017202374999999998 0.668774553125 0.0166296296875 0.7070515875
2 0.234375 0.615625 0.04296875 0.03125
0 0.31328125 0.58984375 0.04296875 0.0296875
3 0.38984375 0.565625 0.040625 0.0328125
7 0.4640625 0.54140625 0.03984375 0.0296875
1 0.5359375 0.51953125 0.0421875 0.02890625
10 0.60703125 0.49609375 0.0390625 0.03046875
6 0.6765625 0.4734375 0.04140625 0.0296875
8 0.74609375 0.45078125 0.04140625 0.028125
5 0.8140625 0.428125 0.04453125 0.02734375
4 0.884375 0.40625 0.04140625 0.028125