9 0.5 0.5 1 1
11 0.5751068125 0.10537053593750001 0.5304639546875001 0.10340104218749999 0.42804761874999997 0.8252390875 0.4858207671875 0.830162946875 0.5751068125 0.10537053593750001
2 0.47578125 0.67421875 0.05234375 0.04296875
0 0.48515625 0.60390625 0.05 0.04296875
3 0.49375 0.5375 0.05078125 0.04140625
7 0.50234375 0.471875 0.04921875 0.040625
1 0.51171875 0.4109375 0.04609375 0.03984375
10 0.51953125 0.3515625 0.0484375 0.0375
6 0.52578125 0.2921875 0.04765625 0.034375
8 0.534375 0.23515625 0.04765625 0.034375
5 0.54296875 0.18203125 0.04609375 0.02578125
4 0.5484375 0.12265625 0.04765625 0.03125