9 0.5 0.5 1 1
11 0.5580965609375 0.49439136875 0.4516226859375 0.5107338796875001 0.2499933859375 0.5421619546875001 0.070329034375 0.571813740625 0.084347553125 0.6184970234375 0.410619378125 0.5544188984375 0.6587017203125 0.5091626984375 0.734994046875 0.4956485609375 0.719483796875 0.469877728125 0.5580965609375 0.49439136875
2 0.22421875 0.56796875 0.040625 0.03359375
0 0.30234375 0.55546875 0.0390625 0.03359375
3 0.37265625 0.5421875 0.03359375 0.03359375
7 0.43828125 0.53203125 0.0296875 0.03125
1 0.4921875 0.521875 0.02890625 0.0296875
10 0.54375 0.5140625 0.02421875 0.03046875
6 0.5921875 0.50546875 0.02109375 0.02890625
8 0.63515625 0.49921875 0.0171875 0.02890625
5 0.6765625 0.49140625 0.01640625 0.0265625
4 0.7171875 0.48515625 0.0140625 0.0265625