9 0.5 0.5 1 1
11 0.9849477515625 0.607897321875 0.9857539687499999 0.5667606640625 0.03985648125 0.5596445937500001 0.0390582015625 0.600637896875 0.9849477515625 0.607897321875
4 0.0671875 0.58046875 0.0515625 0.0390625
5 0.1515625 0.58125 0.0546875 0.0390625
8 0.234375 0.58125 0.04765625 0.0390625
6 0.31484375 0.58125 0.04921875 0.03984375
10 0.396875 0.58125 0.05 0.03828125
1 0.478125 0.58203125 0.04765625 0.0390625
7 0.55859375 0.58359375 0.04765625 0.0390625
3 0.6421875 0.584375 0.046875 0.0390625
0 0.7234375 0.5859375 0.05 0.0390625
2 0.80625 0.5859375 0.053125 0.0390625