9 0.5 0.5 1 1
11 0.0086732796875 0.38197420625 0.5010324078124999 0.3514841265625 0.9194692453125001 0.31958506875000003 0.9160740734375 0.2864806546875 0.006126653125 0.3488697921875 0.0086732796875 0.38197420625
2 0.24453125 0.35078125 0.0390625 0.03046875
0 0.31796875 0.34609375 0.03984375 0.03203125
3 0.390625 0.34140625 0.0390625 0.02890625
7 0.465625 0.3359375 0.040625 0.03046875
1 0.5359375 0.33125 0.0375 0.03125
10 0.6078125 0.32578125 0.034375 0.03046875
6 0.67890625 0.32109375 0.03203125 0.03046875
8 0.75 0.315625 0.03671875 0.0296875
5 0.8234375 0.3109375 0.0390625 0.02890625
4 0.8953125 0.30546875 0.0375 0.0296875