9 0.5 0.5 1 1
11 0.1018571421875 0.3854161703125 0.0007546296875 0.3854161703125 0 0.427862846875 0.2776957671875 0.427296875 0.8828763234375 0.429560515625 0.8821216937499999 0.3910756453125 0.3787982796875 0.38881175625000003 0.1018571421875 0.3854161703125
2 0.14609375 0.40546875 0.0578125 0.040625
0 0.23125 0.40703125 0.05625 0.040625
3 0.3140625 0.4078125 0.05546875 0.040625
7 0.396875 0.40859375 0.0515625 0.04140625
1 0.47421875 0.40859375 0.05078125 0.03984375
10 0.55234375 0.409375 0.05 0.03828125
6 0.62890625 0.41015625 0.05 0.03828125
8 0.7046875 0.41015625 0.05 0.0390625
5 0.7796875 0.41015625 0.04765625 0.0375
4 0.85625 0.41015625 0.05078125 0.0375