9 0.5 0.5 1 1
11 0.728333003125 0.8645520828125 0.7806173937499999 0.8663759921875 0.84580853125 0.22307043593749998 0.79107374375 0.22384499062500002 0.728333003125 0.8645520828125
2 0.7640625 0.771875 0.04921875 0.03125
0 0.76953125 0.71796875 0.05078125 0.03203125
3 0.77421875 0.6640625 0.0515625 0.034375
7 0.78046875 0.60625 0.0515625 0.03515625
1 0.784375 0.55078125 0.0515625 0.0359375
10 0.78984375 0.4921875 0.053125 0.0359375
6 0.7953125 0.43203125 0.0546875 0.03828125
8 0.80234375 0.37265625 0.053125 0.03984375
5 0.8078125 0.31015625 0.053125 0.03828125
4 0.815625 0.24453125 0.0515625 0.04296875