9 0.5 0.5 1 1
11 0.938611771875 0.23661483125 0.9393964953125 0.20188789687500003 0.0729857796875 0.22366592187499998 0.0729857796875 0.2601587296875 0.938611771875 0.23661483125
2 0.26640625 0.2359375 0.04140625 0.03046875
0 0.3359375 0.234375 0.0421875 0.03125
3 0.40546875 0.234375 0.0421875 0.0328125
7 0.47578125 0.23203125 0.0421875 0.03203125
1 0.54765625 0.23046875 0.04296875 0.03203125
10 0.61875 0.22890625 0.04140625 0.03359375
6 0.690625 0.2265625 0.04375 0.03515625
8 0.7625 0.22421875 0.0421875 0.03203125
5 0.8359375 0.22109375 0.04375 0.034375
4 0.91171875 0.21953125 0.0453125 0.03359375