9 0.5 0.5 1 1
11 0.7720320765625 0.3407544640625 0.766847221875 0.8826755953125 0.825763228125 0.8833826890625 0.828119709375 0.6836512890625001 0.8333042328125 0.39942038750000003 0.8450873015625 0.040955853125000004 0.77768783125 0.04201636875 0.7720320765625 0.3407544640625
2 0.79765625 0.7171875 0.06015625 0.04375
0 0.7984375 0.64921875 0.06171875 0.04375
3 0.7984375 0.58125 0.06328125 0.04453125
7 0.8 0.5109375 0.06171875 0.0453125
1 0.8015625 0.4421875 0.06171875 0.04609375
10 0.803125 0.37109375 0.06328125 0.0453125
6 0.80546875 0.29609375 0.0640625 0.0484375
8 0.80859375 0.22265625 0.06328125 0.0484375
5 0.8109375 0.1453125 0.06484375 0.04921875
4 0.81171875 0.06875 0.065625 0.0484375