9 0.5 0.5 1 1
11 0.584111771875 0.385902778125 0.397723875 0.57724131875 0.2784957015625 0.701717509375 0.1479031078125 0.8449724703125 0.188652115625 0.8647807546875 0.3124077375 0.7289513890625 0.6195783734375 0.42040352187499996 0.7886107796874999 0.24894146875 0.7425796953125 0.225737103125 0.584111771875 0.385902778125
2 0.315625 0.6953125 0.03671875 0.025
0 0.36015625 0.646875 0.03671875 0.025
3 0.40390625 0.6046875 0.03671875 0.025
7 0.446875 0.55859375 0.03671875 0.025
1 0.4921875 0.51328125 0.03671875 0.025
10 0.53984375 0.465625 0.03671875 0.025
6 0.58828125 0.41484375 0.03671875 0.025
8 0.6375 0.36640625 0.0421875 0.028125
5 0.68984375 0.31328125 0.0421875 0.028125
4 0.74609375 0.25625 0.04375 0.03203125