9 0.5 0.5 1 1
11 0.23025462968750002 0.7926870046875 0.2334404765625 0.7937896828125 0.28184424531249996 0.7925032234375 0.2831921296875 0.7914920640625 0.3057397484375 0.7908487109375 0.3075777109375 0.79222743125 0.3551236765625 0.79167584375 0.35745205 0.790389384375 0.3803670640625 0.7893782234375 0.38343055625 0.7909407234375 0.43195701093750005 0.790021578125 0.435388228125 0.78818353125 0.45732275156249996 0.7885510906250001 0.4595287703125 0.7894702375 0.507932209375 0.7888268843749999 0.5105056218749999 0.7870806046875 0.5320727515625 0.7867130453125 0.534156084375 0.787815971875 0.5824371687500001 0.7874484125000001 0.5839077374999999 0.7861617062499999 0.6081709656250001 0.78561011875 0.8889146828125 0.7840540671875 0.8913422625 0.7819025296875 0.8913422625 0.777930059375 0.8884732140624999 0.7464818953125001 0.8853835984374999 0.7439990078125 0.0003445765625 0.757734375 0.000367725 0.7950763890625 0.09251851875 0.7947088296875 0.15574966875000001 0.793881696875 0.1579553578125 0.7943412703125 0.20770701093750002 0.7934221234375001 0.23025462968750002 0.7926870046875
2 0.1828125 0.77578125 0.04453125 0.0359375
0 0.2578125 0.77421875 0.04453125 0.0359375
3 0.33203125 0.77265625 0.04453125 0.0359375
7 0.4078125 0.77109375 0.04453125 0.0359375
1 0.48203125 0.7703125 0.04453125 0.0359375
10 0.5578125 0.76875 0.04453125 0.0359375
6 0.6328125 0.76796875 0.04453125 0.0359375
8 0.709375 0.76640625 0.04375 0.0359375
5 0.7859375 0.765625 0.0453125 0.03671875
4 0.86484375 0.765625 0.04453125 0.0359375