9 0.5 0.5 1 1
11 0.6987142859375 0.5011356640625 0.6781557546875 0.480648809375 0.06816732812500001 0.8712624015625 0.10864153437499999 0.901085565625 0.6987142859375 0.5011356640625
2 0.296875 0.7546875 0.03828125 0.028125
0 0.35390625 0.71484375 0.0375 0.02578125
3 0.41171875 0.678125 0.0359375 0.025
7 0.46015625 0.64375 0.0359375 0.021875
1 0.50390625 0.61484375 0.028125 0.02109375
10 0.54296875 0.5875 0.02421875 0.02109375
6 0.58203125 0.56171875 0.025 0.0203125
8 0.61640625 0.5390625 0.02265625 0.0171875
5 0.64921875 0.51640625 0.0203125 0.01484375
4 0.67890625 0.496875 0.01953125 0.015625