9 0.5 0.5 1 1
11 0.23998511875 0.4312393359375 0.2002470234375 0.6694139390625 0.1781203703125 0.8030905265625 0.15644510625000002 0.9679952875 0.21045833281249998 0.971264384375 0.23313558125 0.791866071875 0.3050767203125 0.3254915671875 0.3090747359375 0.28092063437500003 0.261660384375 0.281936259375 0.23998511875 0.4312393359375
2 0.20078125 0.82578125 0.04765625 0.04140625
0 0.21015625 0.7578125 0.046875 0.03828125
3 0.21953125 0.69375 0.04609375 0.03671875
7 0.23046875 0.6296875 0.04375 0.0359375
1 0.24140625 0.56953125 0.04296875 0.0359375
10 0.25 0.51171875 0.04375 0.034375
6 0.259375 0.45625 0.046875 0.0328125
8 0.26640625 0.40234375 0.0421875 0.034375
5 0.275 0.35 0.04140625 0.03203125
4 0.28125 0.29765625 0.0390625 0.03046875