9 0.5 0.5 1 1
11 0.33931646875 0.0294290671875 0.2798829359375 0.0299724703125 0.28713095312500003 0.33768625937499996 0.286406084375 0.7775974703124999 0.340766203125 0.784798115625 0.341490740625 0.7404377484375 0.34294047656250004 0.4605513390625 0.34004133593749997 0.1473482140625 0.33931646875 0.0294290671875
4 0.31015625 0.05078125 0.05234375 0.03828125
5 0.3125 0.11484375 0.053125 0.03359375
8 0.3125 0.175 0.05 0.03515625
6 0.3125 0.23515625 0.05 0.03828125
10 0.31328125 0.3 0.05078125 0.03671875
1 0.31484375 0.36015625 0.05 0.0390625
7 0.3140625 0.42109375 0.05 0.0375
3 0.3140625 0.48515625 0.05078125 0.03671875
0 0.31328125 0.54609375 0.05 0.03828125
2 0.3140625 0.609375 0.0546875 0.0390625