9 0.5 0.5 1 1
11 0.4144087296875 0.9476334328125 0.4163902109375 0.951030009375 0.45969940468750004 0.9523038187499999 0.46366236718750004 0.9486946921875001 0.5508468921875 0.13693328437500002 0.5471669968749999 0.13162574375 0.47753273749999997 0.12822891875 0.47385284375000003 0.13034350156250002 0.4724375 0.13204191406250002 0.46832804218749996 0.1937576890625 0.4696150796875 0.1969295640625 0.4144087296875 0.9476334328125
4 0.50859375 0.16171875 0.06875 0.0578125
5 0.5015625 0.25234375 0.06484375 0.05078125
8 0.49453125 0.33203125 0.06015625 0.04609375
6 0.4875 0.40546875 0.05859375 0.040625
10 0.48203125 0.471875 0.05859375 0.03984375
1 0.475 0.53515625 0.0578125 0.03828125
7 0.47109375 0.59453125 0.05390625 0.03515625
3 0.4671875 0.65 0.0515625 0.0328125
0 0.4609375 0.703125 0.0515625 0.03046875
2 0.4578125 0.7515625 0.04921875 0.0296875