9 0.5 0.5 1 1
11 0.47494080624999996 0.9321443453124999 0.5278740078124999 0.9340813484374999 0.5240006609375001 0.11759722187499999 0.472773809375 0.117586309375 0.47494080624999996 0.9321443453124999
2 0.4984375 0.3484375 0.04765625 0.0359375
0 0.5 0.41015625 0.04765625 0.0359375
3 0.5 0.46953125 0.05 0.0359375
7 0.5 0.53046875 0.05078125 0.03828125
1 0.49921875 0.58984375 0.05 0.03828125
10 0.49921875 0.65234375 0.05078125 0.0375
6 0.5 0.71640625 0.0515625 0.03828125
8 0.5 0.77890625 0.05 0.0390625
5 0.5 0.84453125 0.05234375 0.0359375
4 0.5015625 0.91171875 0.053125 0.0375