9 0.5 0.5 1 1
11 0.024147487500000002 0.5993474703125 0.9765231484375001 0.2699045140625 0.9508664015624999 0.23085342187500002 0.29963988124999996 0.45836780781249997 0.0045277781250000005 0.5608623515625 0.024147487500000002 0.5993474703125
2 0.21875 0.5078125 0.0484375 0.028125
0 0.29453125 0.48203125 0.0515625 0.028125
3 0.36875 0.45625 0.05 0.02890625
7 0.44453125 0.4296875 0.046875 0.02734375
1 0.5234375 0.40546875 0.04296875 0.03359375
10 0.60078125 0.3765625 0.04609375 0.03046875
6 0.68203125 0.3484375 0.04375 0.034375
8 0.76328125 0.32109375 0.0453125 0.0359375
5 0.84609375 0.290625 0.0515625 0.03046875
4 0.9328125 0.26171875 0.05234375 0.03359375