9 0.5 0.5 1 1
11 0.601593915625 0.1858990578125 0.3716663359375 0.1900344734375 0.0016541 0.1970647328125 0.0016541 0.235523809375 0.23599272500000001 0.22932068437500003 0.5392542984375 0.2255987109375 0.89658465625 0.21691443437500002 0.89493055625 0.17928249062499999 0.601593915625 0.1858990578125
2 0.1859375 0.2125 0.0484375 0.0359375
0 0.2671875 0.2109375 0.0484375 0.03671875
3 0.340625 0.21015625 0.05 0.03828125
7 0.41953125 0.20859375 0.0515625 0.03671875
1 0.4953125 0.20703125 0.0515625 0.0375
10 0.56953125 0.20546875 0.05078125 0.03671875
6 0.6453125 0.20390625 0.05 0.03671875
8 0.71875 0.2015625 0.0515625 0.0375
5 0.79375 0.19921875 0.05234375 0.03671875
4 0.86953125 0.19765625 0.05 0.0359375