9 0.5 0.5 1 1
11 0.3163187828125 0.13433308593749999 0.274763228125 0.31435565468750004 0.23258730156250002 0.494862103125 0.160020171875 0.8042869546875 0.20529695781249999 0.8107993546875001 0.2418908734375 0.65589608125 0.28220601875 0.4957829859375 0.35539351875 0.19994146875000002 0.369038359375 0.1431713796875 0.3163187828125 0.13433308593749999
4 0.3375 0.1609375 0.0453125 0.0390625
5 0.32265625 0.22578125 0.04375 0.03515625
8 0.30625 0.28671875 0.04375 0.03515625
6 0.2921875 0.34609375 0.04375 0.03515625
10 0.2796875 0.4046875 0.040625 0.03125
1 0.2640625 0.459375 0.040625 0.03125
7 0.25078125 0.5140625 0.040625 0.03125
3 0.23671875 0.56875 0.040625 0.03125
0 0.22578125 0.62109375 0.040625 0.03125
2 0.21328125 0.67109375 0.0375 0.028125