9 0.5 0.5 1 1
11 0 0.6948869046875 0.27209424531250004 0.6320959828125 0.9286226859375001 0.48244394843749994 0.910483134375 0.44738566406249997 0.480891865625 0.5433782234375 0.1911775796875 0.610119046875 0 0.6556423609375 0 0.6948869046875
2 0.2296875 0.62109375 0.03984375 0.03046875
0 0.30546875 0.6046875 0.03828125 0.03046875
3 0.38046875 0.5875 0.0421875 0.0296875
7 0.453125 0.5703125 0.04375 0.0296875
1 0.5265625 0.55390625 0.04296875 0.0296875
10 0.5984375 0.5375 0.0421875 0.0296875
6 0.6703125 0.52109375 0.040625 0.03125
8 0.74375 0.50390625 0.04453125 0.0296875
5 0.81640625 0.48828125 0.04453125 0.0296875
4 0.89140625 0.471875 0.04453125 0.02890625