9 0.5 0.5 1 1
11 0.542994709375 0.43410739062500003 0.811402778125 0.3157549609375 0.8120152109375001 0.3132291671875 0.79731944375 0.28820014843749997 0.79425760625 0.2872817453125 0.594026125 0.3747681046875 0.43228571406249994 0.44599727187499993 0.26497916718750003 0.518861359375 0.07409193124999999 0.602072171875 0.0799090609375 0.6078127484375 0.086950728125 0.615849703125 0.0915429890625 0.624116071875 0.0936861765625 0.6305453875 0.2887129625 0.54512574375 0.542994709375 0.43410739062500003
2 0.29453125 0.52421875 0.02734375 0.02421875
0 0.35078125 0.49921875 0.02890625 0.02421875
3 0.40625 0.47578125 0.02578125 0.02578125
7 0.4609375 0.4515625 0.0265625 0.025
1 0.51328125 0.428125 0.0265625 0.025
10 0.56875 0.4046875 0.028125 0.0234375
6 0.621875 0.38125 0.0265625 0.0234375
8 0.6765625 0.35703125 0.0296875 0.0234375
5 0.7296875 0.33359375 0.0265625 0.02421875
4 0.78515625 0.30859375 0.0265625 0.025