9 0.5 0.5 1 1
11 0.273185846875 0.3280359625 0.272325396875 0.351164434375 0.270174271875 0.3531001984375 0.26866865156249997 0.40004737031250004 0.26995932499999997 0.40214459375 0.26995932499999997 0.42231101249999997 0.268453703125 0.425424603125 0.2671630296875 0.47108110156249994 0.2682384265625 0.4717264390625 0.268453703125 0.4912475203125 0.2665175265625 0.4941512890625 0.2663025796875 0.53958506875 0.2654421296875 0.5597514875 0.2639361765625 0.5618487109375 0.26200033125 0.60641790625 0.263075728125 0.6078697921875 0.26221560781250003 0.6272294140625 0.260064484375 0.6285200890625 0.257913359375 0.66869146875 0.25898875625 0.67246329375 0.257913359375 0.6913387890625 0.2566226859375 0.6953720234375 0.2538263890625 0.7380181046875001 0.25619246093750003 0.73979290625 0.250384590625 0.8626361609375 0.24882308125 0.999751984375 0.301986771875 0.999751984375 0.307603175 0.8666693953125 0.3108296953125 0.8238298609375001 0.31857341250000004 0.6967822421875 0.32610218281250003 0.565846478125 0.333630953125 0.4282609125 0.3396541 0.2823278765625 0.34223511875 0.2034375 0.3359970234375 0.19988814531250002 0.2768425921875 0.197790921875 0.2742615734375 0.200820684375 0.272755621875 0.24860664687499998 0.2746917984375 0.2528013390625 0.271680225 0.3254548609375 0.273185846875 0.3280359625
4 0.30703125 0.225 0.06328125 0.04453125
5 0.30546875 0.30390625 0.06171875 0.046875
8 0.303125 0.37734375 0.0625 0.04453125
6 0.3 0.4484375 0.06171875 0.04375
10 0.2984375 0.51796875 0.05859375 0.0421875
1 0.2953125 0.58671875 0.05859375 0.0421875
7 0.290625 0.65234375 0.05703125 0.040625
3 0.2875 0.71796875 0.05703125 0.04140625
0 0.28359375 0.78125 0.0578125 0.0390625
2 0.28046875 0.84375 0.05625 0.0375