9 0.5 0.5 1 1
11 0.937795634375 0.7700766375 0.9366478171875 0.7304692453125 0.008987434375 0.7414630453125 0.0104239421875 0.785575396875 0.937795634375 0.7700766375
2 0.125 0.76171875 0.0609375 0.04375
0 0.21796875 0.759375 0.0578125 0.0421875
3 0.30625 0.7578125 0.05625 0.0421875
7 0.39609375 0.75703125 0.0578125 0.0421875
1 0.4828125 0.75546875 0.05703125 0.04296875
10 0.56875 0.75390625 0.0546875 0.0421875
6 0.6546875 0.75234375 0.05546875 0.040625
8 0.7390625 0.7515625 0.05390625 0.04140625
5 0.82265625 0.7515625 0.0515625 0.040625
4 0.91015625 0.75 0.05234375 0.040625