9 0.5 0.5 1 1
11 0.3110340609375 0.8269404765624999 0.31028902187499996 0.9831093750000001 0.38232738125 0.9805858140625 0.37046693125 0.2374650296875 0.3258154765625 0.2463603671875 0.3258154765625 0.3196165671875 0.3173664015625 0.6210436515625 0.3110340609375 0.8269404765624999
2 0.34375 0.721875 0.0609375 0.04296875
0 0.3453125 0.65078125 0.059375 0.0390625
3 0.3453125 0.58671875 0.05546875 0.03359375
7 0.346875 0.52734375 0.053125 0.03203125
1 0.346875 0.475 0.05078125 0.02890625
10 0.3484375 0.42578125 0.04921875 0.025
6 0.34765625 0.378125 0.04765625 0.0234375
8 0.3484375 0.33515625 0.046875 0.021875
5 0.3484375 0.29609375 0.04609375 0.01875
4 0.3484375 0.25625 0.04375 0.01875