9 0.5 0.5 1 1
11 0.7446309531249999 0.6240518359375 0.97097420625 0.6226049109375 0.9458964953125 0.5941512890625 0.72212533125 0.598009425 0.569086309375 0.5989739578125 0.4160472890625 0.6009030265625 0.3343835984375 0.6037966265625 0.1755575390625 0.6076547625 0.0012860453125 0.6168177078125 0.0019289015625 0.6443067953125 0.1749017859375 0.6361083828125 0.3285836640625 0.6308033234375 0.43082407343750007 0.6279099703125001 0.592222221875 0.62501636875 0.7446309531249999 0.6240518359375
2 0.209375 0.61875 0.0484375 0.02578125
0 0.29375 0.61640625 0.04921875 0.02265625
3 0.378125 0.6125 0.05 0.028125
7 0.46328125 0.6109375 0.05234375 0.02421875
1 0.540625 0.61015625 0.0484375 0.025
10 0.6203125 0.6109375 0.0421875 0.0234375
6 0.7 0.60859375 0.0359375 0.0234375
8 0.77734375 0.60859375 0.0328125 0.02421875
5 0.8546875 0.60859375 0.02890625 0.02421875
4 0.93359375 0.6078125 0.02578125 0.02421875