9 0.5 0.5 1 1
11 0.6154550265625 0.243310515625 0.5660539015625 0.2453688 0.5756597218749999 0.3513752484375 0.5852652109375 0.464071428125 0.5928128312500001 0.5669903281249999 0.61133829375 0.8212103171875 0.6195717593750001 0.9190654765625 0.6703449078125 0.9180364578125 0.6559361765625 0.7327720734375001 0.6415277781250001 0.566506696875 0.6312357796875 0.449673115625 0.61888558125 0.289109375 0.6154550265625 0.243310515625
4 0.59296875 0.26171875 0.04140625 0.0328125
5 0.596875 0.31796875 0.04140625 0.03203125
8 0.6015625 0.371875 0.04296875 0.03359375
6 0.60546875 0.4265625 0.04140625 0.0328125
10 0.609375 0.48203125 0.04453125 0.03359375
1 0.61328125 0.53671875 0.04375 0.03515625
7 0.61875 0.59296875 0.04375 0.034375
3 0.62421875 0.6515625 0.04609375 0.03828125
0 0.628125 0.7078125 0.04453125 0.0375
2 0.63359375 0.76796875 0.0484375 0.040625