9 0.5 0.5 1 1
11 0.6786779093749999 0.2655967265625 0.6464735453125 0.24457440468749997 0.1801061515625 0.6973147328125 0.20992493437499998 0.7143115078125 0.6786779093749999 0.2655967265625
2 0.29921875 0.60703125 0.0296875 0.0203125
0 0.3359375 0.57109375 0.03125 0.01953125
3 0.3734375 0.53515625 0.03125 0.01953125
7 0.41171875 0.4984375 0.0296875 0.02109375
1 0.45078125 0.46171875 0.0296875 0.0203125
10 0.48828125 0.4234375 0.0296875 0.021875
6 0.5265625 0.38671875 0.03203125 0.021875
8 0.5671875 0.34921875 0.03125 0.0203125
5 0.60703125 0.309375 0.03125 0.0203125
4 0.64921875 0.26875 0.03125 0.021875