9 0.5 0.5 1 1
11 0.5810724203125 0.39292261875 0.578806546875 0.389863590625 0.5547870374999999 0.3793266375 0.5502549609375 0.3779672625 0.5466292984375001 0.3793266375 0.1686620375 0.8999424609375 0.18853042343749998 0.90068353125 0.21300297656249997 0.9023829359375 0.23165674531249997 0.905380953125 0.24389318750000002 0.9087800093749999 0.5810724203125 0.3963216765625 0.5810724203125 0.39292261875
2 0.31328125 0.75 0.0484375 0.0296875
0 0.35390625 0.69140625 0.0484375 0.028125
3 0.38984375 0.63984375 0.0421875 0.0234375
7 0.421875 0.59296875 0.0421875 0.021875
1 0.446875 0.55234375 0.03828125 0.021875
10 0.475 0.51640625 0.0390625 0.01484375
6 0.49765625 0.48046875 0.0328125 0.015625
8 0.5203125 0.44921875 0.02890625 0.01171875
5 0.54296875 0.41796875 0.0265625 0.0171875
4 0.559375 0.39296875 0.021875 0.0125