9 0.5 0.5 1 1
11 0.4540925921875 0.971658978125 0.500564484375 0.969480159375 0.48168518593750004 0.2950905265625 0.4377099875 0.2960662203125 0.4540925921875 0.971658978125
4 0.4609375 0.31171875 0.0453125 0.03359375
5 0.46171875 0.365625 0.04375 0.03359375
8 0.46328125 0.4171875 0.04375 0.03203125
6 0.465625 0.46796875 0.04296875 0.03203125
10 0.465625 0.51953125 0.04296875 0.03203125
1 0.4671875 0.57109375 0.04296875 0.0328125
7 0.46875 0.621875 0.04296875 0.03203125
3 0.4703125 0.67421875 0.04296875 0.03203125
0 0.47109375 0.72578125 0.0421875 0.034375
2 0.47265625 0.77890625 0.04296875 0.03125