9 0.5 0.5 1 1
11 0 0.5861763390625 0.18499669375 0.5717068453125 0.32605290937500003 0.5621545140624999 0.487487103125 0.55379613125 0.646545965625 0.546870784375 0.799803571875 0.5413782234375 0.9539844578125001 0.5339751984375 0.9546213625 0.5303931046875 0.9326511249999999 0.5127212296875 0.8848740078124999 0.514262153125 0.8821537703125 0.5172093249999999 0.8614487437499999 0.518116071875 0.8582748015625 0.515622271875 0.8085525796875 0.5176626984375 0.8062857140625 0.5202695937499999 0.7854295640625 0.5212896828125 0.780895503125 0.517889384375 0.7335916 0.5198162203125001 0.7326848546875 0.5235567953125 0.71122420625 0.5240101687500001 0.709259259375 0.520722965625 0.6596881609375 0.523216765625 0.657270171875 0.5265037203125 0.6349027781250001 0.5270704359375 0.6336937828125 0.52548363125 0.5839715609375 0.5266170640625 0.5830648140625 0.5294508921875 0.56115079375 0.530017609375 0.5579768515625 0.5271837796875001 0.5093125 0.5296775796875 0.50795238125 0.5323978171875 0.48558498749999995 0.533644840625 0.48422486718749996 0.529904265625 0.4335959 0.532737846875 0.4317820765625 0.5362517359375001 0.40624107187499997 0.538178571875 0.404578703125 0.5333048109375 0.35319378281249997 0.5363650796874999 0.35077579375 0.5402189984375 0.3284084 0.5414657734375 0.3270482796875 0.539198909375 0.27551256562500004 0.5428258921875 0.2752103171875 0.544412946875 0.249064484375 0.5461130953125 0.24845998749999998 0.544299603125 0.21854861093750003 0.5464255953125 0.19531712968749998 0.5478774796875 0.1932754625 0.5494977671875 0 0.5648797125 0 0.5861763390625
2 0.2203125 0.55703125 0.04375 0.01796875
0 0.30078125 0.5515625 0.046875 0.01640625
3 0.38046875 0.54609375 0.04921875 0.01640625
7 0.46015625 0.5421875 0.0515625 0.015625
1 0.53828125 0.53828125 0.04609375 0.01484375
10 0.615625 0.53671875 0.03515625 0.01953125
6 0.6921875 0.53125 0.0359375 0.01640625
8 0.7671875 0.528125 0.034375 0.01640625
4 0.921875 0.5234375 0.025 0.0171875
4 0.84375 0.52578125 0.03359375 0.0171875