9 0.5 0.5 1 1
11 0.9996693125 0.6708169640625 0.7940062828125 0.6240483625000001 0.3162380953125 0.513407490625 0.29978340000000003 0.5325696921875 0.9996693125 0.698549603125 0.9996693125 0.6708169640625
2 0.81796875 0.63984375 0.02890625 0.01796875
0 0.7578125 0.62734375 0.03203125 0.01796875
3 0.7 0.6125 0.03359375 0.01328125
7 0.64296875 0.59921875 0.03359375 0.01328125
1 0.5875 0.5875 0.028125 0.0140625
10 0.534375 0.575 0.02890625 0.0125
6 0.48203125 0.56328125 0.03046875 0.01171875
8 0.42890625 0.54921875 0.02734375 0.01171875
5 0.378125 0.5390625 0.0265625 0.01171875
4 0.32578125 0.5265625 0.02421875 0.01015625