9 0.5 0.5 1 1
11 0.780623346875 0.586612846875 0.7758908734375 0.6470248015625 0.770943453125 0.7114407234375 0.7597579359375 0.8552762890625001 0.7702982796875 0.85576016875 0.7812685187499999 0.85705084375 0.794605159375 0.8596321921875001 0.8077268515625 0.8643107640625001 0.8178369703125 0.8691505453125 0.8255806874999999 0.7645280265625 0.830097884375 0.6992311515625 0.8346150796874999 0.63534449375 0.839777778125 0.57248363125 0.8445102515625 0.5118234125 0.848166996875 0.45283779687500003 0.8544050921874999 0.395081596875 0.8597827375 0.3374352671875 0.865160384375 0.2797919140625 0.872258928125 0.187304315625 0.8683869046874999 0.1860138890625 0.8223541671874999 0.188272321875 0.8197728171875 0.1903697921875 0.8105231484375001 0.2816954359375 0.7982622359375 0.39401041718749996 0.7937450390625 0.4508955859375 0.7872916671875 0.5091743546874999 0.780623346875 0.586612846875
4 0.84453125 0.20625 0.0484375 0.03046875
5 0.8390625 0.2609375 0.04921875 0.03359375
8 0.83359375 0.31796875 0.0484375 0.0359375
6 0.828125 0.3734375 0.05 0.03515625
10 0.82265625 0.43125 0.04921875 0.03671875
1 0.81796875 0.4890625 0.05078125 0.0375
7 0.8125 0.5484375 0.053125 0.03671875
3 0.8078125 0.6109375 0.053125 0.0375
0 0.803125 0.67421875 0.0546875 0.0359375
2 0.7984375 0.73828125 0.05390625 0.03515625