9 0.5 0.5 1 1
11 0.552729828125 0.23622891875000002 0.6785562171875 0.582305059375 0.7771127640625 0.832424603125 0.8224665999999999 0.8253075390625 0.5872599203125 0.230216021875 0.552729828125 0.23622891875000002
2 0.63046875 0.396875 0.02890625 0.02109375
0 0.64453125 0.4328125 0.03046875 0.02109375
3 0.659375 0.47265625 0.03125 0.02109375
7 0.675 0.5140625 0.03203125 0.02265625
1 0.69140625 0.55703125 0.03203125 0.02578125
10 0.71015625 0.6015625 0.03203125 0.02734375
6 0.728125 0.64921875 0.03515625 0.02890625
8 0.7484375 0.69921875 0.0328125 0.03125
5 0.76953125 0.75078125 0.03359375 0.03125
4 0.79140625 0.80859375 0.0359375 0.03203125