9 0.5 0.5 1 1
11 0 0.29468353125 0.0800648140625 0.2909166671875 0.1679546953125 0.2868296125 0.254257275 0.2833712796875 0.34441898125 0.2794938 0.43699537031249996 0.27593055624999996 0.5315334 0.271633928125 0.72488260625 0.2628311015625 0.894366071875 0.2540280265625 0.9996693125 0.2493122515625 0.998299603125 0.2029541171875 0.995644840625 0.20106795625 0.9294130296875001 0.203163690625 0.9271772484374999 0.2048405265625 0.8918257281249999 0.2069365078125 0.8918257281249999 0.20494543593749998 0.8242050265625 0.2081939484375 0.8216901453125001 0.20997569375 0.7899715609375 0.2121763390625 0.7887139546874999 0.20997569375 0.7229014546875 0.21332911718749997 0.720665675 0.21605381875 0.690472884375 0.21773065468750002 0.6906127640624999 0.2149010421875 0.6273905421875 0.21856894843750002 0.6233386249999999 0.220245784375 0.62152215625 0.2211889875 0.592597884375 0.2226560015625 0.590641865625 0.2212936515625 0.529920965625 0.2241232640625 0.5271263234375 0.22579985156250001 0.4977834 0.2273717765625 0.49764351875 0.2256951890625 0.4381607140625 0.2283149796875 0.43396891562500006 0.2305158734375 0.4058832671875 0.23219246093749998 0.40462566093749996 0.23072544687500002 0.34484953749999997 0.23303100156249998 0.34275330625 0.23470758906250003 0.31466798906250004 0.2362797625 0.310755290625 0.23407886875 0.2515102515625 0.2370131453125 0.2502526453125 0.2391091265625 0.22621924531249998 0.2401572421875 0.222865740625 0.2386899796875 0.167200065625 0.24193874062499998 0.164964615625 0.2435106640625 0.1372982796875 0.24392981093750002 0.134084325 0.24277703437499998 0.081942790625 0.24607539687500002 0.0787972890625 0.247673859375 0 0.2519719734375 0 0.29468353125
2 0.109375 0.2671875 0.053125 0.03828125
0 0.19609375 0.26328125 0.053125 0.040625
3 0.28359375 0.259375 0.05390625 0.040625
7 0.3765625 0.2546875 0.05625 0.03984375
1 0.46796875 0.25234375 0.0578125 0.040625
10 0.5625 0.24765625 0.059375 0.0421875
6 0.6578125 0.2421875 0.06171875 0.04453125
8 0.7578125 0.2359375 0.0640625 0.04296875
5 0.85859375 0.23125 0.06796875 0.04453125
4 0.9671875 0.2265625 0.065625 0.04375