9 0.5 0.5 1 1
11 0.7675284390625 0.633486359375 0.2575231484375 0.3419248515625 0.235950728125 0.35599181562500004 0.7464120375000001 0.6520776296874999 0.7675284390625 0.633486359375
2 0.5640625 0.53125 0.01953125 0.01640625
0 0.52578125 0.509375 0.02265625 0.0140625
3 0.490625 0.48828125 0.025 0.0125
7 0.4546875 0.46796875 0.02578125 0.0125
1 0.4203125 0.44765625 0.02421875 0.0125
10 0.38671875 0.42890625 0.02265625 0.0125
6 0.35390625 0.409375 0.021875 0.01171875
8 0.32109375 0.390625 0.02265625 0.0125
5 0.28984375 0.37265625 0.0203125 0.0125
4 0.2578125 0.3546875 0.02265625 0.0125