9 0.5 0.5 1 1
11 0.938098875 0.40899305625000004 0.866928571875 0.40934647812499997 0.5370006609375 0.401923115625 0.1783958328125 0.393125 0.0004712296875 0.39061135937499997 0 0.4167700890625 0.17486177187500002 0.41853745 0.47043055625 0.42383978125 0.81693055625 0.431616815625 0.96166534375 0.4337375984375 0.938098875 0.40899305625000004
2 0.12421875 0.4015625 0.05546875 0.0265625
0 0.228125 0.403125 0.05859375 0.02421875
3 0.3234375 0.40390625 0.06171875 0.025
7 0.41640625 0.40703125 0.05703125 0.02421875
1 0.50625 0.41015625 0.0515625 0.02578125
10 0.59375 0.4125 0.046875 0.0234375
6 0.68046875 0.4140625 0.04375 0.02421875
8 0.76171875 0.41640625 0.040625 0.02421875
5 0.84453125 0.4171875 0.0375 0.021875
4 0.92421875 0.41953125 0.034375 0.02421875