9 0.5 0.49921875 1 0.99765625
11 0.8319709 0.1295290171875 0.8105598546874999 0.31152256875 0.7427582671875 0.9084389875 0.795266534375 0.9134092265625 0.822285053125 0.6862996031249999 0.8513429234375 0.4339248515625 0.8839692453125 0.17540972187499998 0.8880476187499999 0.1314407234375 0.8319709 0.1295290171875
2 0.79296875 0.709375 0.05 0.03515625
0 0.79921875 0.65 0.05078125 0.0359375
3 0.80625 0.5890625 0.05234375 0.03828125
7 0.81328125 0.528125 0.05078125 0.0375
1 0.81953125 0.46796875 0.0515625 0.03828125
10 0.82734375 0.40625 0.0515625 0.0375
6 0.83515625 0.34296875 0.05234375 0.0375
8 0.84375 0.28125 0.05 0.040625
5 0.8515625 0.21796875 0.05078125 0.03984375
4 0.85859375 0.153125 0.05234375 0.03984375