9 0.5 0.5 1 1
11 0 0.2850344734375 0.9098379624999999 0.287358134375 0.9108707015625 0.24320858125 0 0.2447576890625 0 0.2850344734375
2 0.08984375 0.26328125 0.046875 0.03828125
0 0.1703125 0.2640625 0.04921875 0.03828125
3 0.2515625 0.265625 0.04921875 0.03828125
7 0.3375 0.265625 0.05078125 0.0390625
1 0.42109375 0.26640625 0.05078125 0.0390625
10 0.50703125 0.2671875 0.05 0.0390625
6 0.596875 0.26640625 0.053125 0.04140625
8 0.68671875 0.26640625 0.05390625 0.040625
5 0.78046875 0.265625 0.0546875 0.040625
4 0.87734375 0.26484375 0.05078125 0.040625