9 0.5 0.5 1 1
11 0.9399589953125 0.600640625 0.9375400125000001 0.5716029265625 0.07017361093749999 0.5785121531249999 0.069869709375 0.6091098703125 0.9399589953125 0.600640625
4 0.09140625 0.59296875 0.04140625 0.0296875
5 0.15546875 0.5921875 0.0390625 0.02890625
8 0.21640625 0.59140625 0.0390625 0.02890625
6 0.27890625 0.590625 0.0390625 0.02890625
10 0.33984375 0.590625 0.03671875 0.02890625
1 0.40078125 0.58984375 0.0390625 0.02890625
7 0.46015625 0.5890625 0.03828125 0.02890625
3 0.52265625 0.5890625 0.0390625 0.0296875
0 0.58359375 0.5890625 0.0390625 0.02890625
2 0.6453125 0.58828125 0.03828125 0.02890625