9 0.5 0.5 1 1
11 0.23361375624999997 0.9051024312499999 0.2985906078125 0.92655555625 0.42253141562499996 0.6814114578125 0.57473875625 0.3777844734375 0.7008538359375 0.128179315625 0.646494046875 0.11676785781250001 0.23361375624999997 0.9051024312499999
2 0.36796875 0.71640625 0.05859375 0.03125
0 0.4078125 0.640625 0.05546875 0.03671875
3 0.4421875 0.56953125 0.05625 0.0328125
7 0.4796875 0.5 0.059375 0.0296875
1 0.5125 0.43671875 0.053125 0.02734375
10 0.5421875 0.3734375 0.05078125 0.02890625
6 0.57578125 0.3125 0.053125 0.025
8 0.60546875 0.25546875 0.053125 0.028125
5 0.63515625 0.196875 0.0515625 0.0234375
4 0.66328125 0.140625 0.053125 0.0234375