9 0.5 0.5 1 1
11 0.8608320109375001 0.44801388906249995 0.707365740625 0.4698923609375 0.482450728125 0.49874652812500003 0.16071263281249998 0.5421865078125 0.0008455687499999999 0.5656693953125 0 0.5986455859375 0.15431183906249998 0.5739134421875 0.318347553125 0.5520349703125 0.4912529765625 0.529205109375 0.8836617062500001 0.4797217265625 0.8608320109375001 0.44801388906249995
2 0.11875 0.5640625 0.04453125 0.02578125
0 0.19921875 0.55078125 0.04921875 0.0234375
3 0.28125 0.53828125 0.0515625 0.0234375
7 0.36328125 0.52890625 0.0515625 0.0234375
1 0.44375 0.51640625 0.05 0.0234375
10 0.525 0.5078125 0.04140625 0.02421875
6 0.60390625 0.496875 0.04296875 0.02421875
8 0.68359375 0.4859375 0.0390625 0.0265625
5 0.7625 0.47578125 0.0390625 0.02421875
4 0.8484375 0.46640625 0.034375 0.02734375