9 0.5 0.5 1 1
11 0.8870605156250001 0.52547271875 0.743119046875 0.5250391859375 0.5936858468749999 0.526123015625 0.454406415625 0.528435515625 0.20365476249999998 0.5291574906250001 0.055827381249999995 0.5324060015625001 0.0563088625 0.560560515625 0.1978022484375 0.5591165671875 0.3888958328125 0.5580337296875 0.6690148812500001 0.559477678125 0.8885128968749999 0.561282490625 0.8870605156250001 0.52547271875
2 0.22265625 0.54453125 0.02890625 0.028125
0 0.28671875 0.54375 0.03515625 0.0296875
3 0.353125 0.54453125 0.03515625 0.0296875
7 0.421875 0.54375 0.0390625 0.0296875
1 0.4890625 0.54375 0.03515625 0.0296875
10 0.5578125 0.54375 0.0421875 0.0296875
6 0.63046875 0.54375 0.04453125 0.0296875
8 0.703125 0.54375 0.04609375 0.03203125
5 0.78046875 0.5453125 0.05 0.03203125
4 0.859375 0.54609375 0.04921875 0.03125