9 0.5 0.5 1 1
11 0.417854828125 0.9106205359375 0.46950297656249995 0.9106205359375 0.4522870375 0.15549404687499999 0.40835912656250006 0.15548809531250002 0.417854828125 0.9106205359375
2 0.43515625 0.396875 0.04453125 0.034375
0 0.43515625 0.45 0.04296875 0.0328125
3 0.43671875 0.50234375 0.04375 0.0328125
7 0.4375 0.55703125 0.04375 0.03359375
1 0.4390625 0.61015625 0.04453125 0.03359375
10 0.43984375 0.665625 0.04296875 0.03203125
6 0.440625 0.72109375 0.04375 0.03359375
8 0.4421875 0.77578125 0.04453125 0.0359375
5 0.44375 0.83359375 0.04453125 0.034375
4 0.44375 0.89296875 0.04609375 0.03359375