9 0.5 0.5 1 1
11 0.6928191140625 0.561329365625 0.8200274468750001 0.5573544140625 0.8139702375000001 0.5258380453125 0.6932053578125 0.53066493125 0.5565403437499999 0.534355903125 0.347931546875 0.5411703875 0.1423207671875 0.5491202875 0.0015142203125 0.55565079375 0.000757275 0.591141865625 0.168086640625 0.5820563 0.2812797625 0.5775133921875 0.42401719531250004 0.571266865625 0.5584179890625001 0.5664399796875 0.6928191140625 0.561329365625
2 0.16875 0.565625 0.04765625 0.03203125
0 0.24296875 0.5625 0.046875 0.03046875
3 0.31640625 0.55859375 0.0484375 0.0296875
7 0.38828125 0.55546875 0.046875 0.03125
1 0.45625 0.55390625 0.04375 0.03046875
10 0.5265625 0.55078125 0.04453125 0.03046875
6 0.596875 0.5484375 0.03984375 0.03046875
8 0.66171875 0.54609375 0.0375 0.0296875
5 0.7265625 0.54375 0.0359375 0.028125
4 0.7953125 0.54296875 0.0375 0.02890625