9 0.5 0.5 1 1
11 0.8187123015625 0.478876240625 0.8141355812500001 0.4456450890625 0.0007804234375 0.6981158234375 0 0.7533271328125 0.8187123015625 0.478876240625
2 0.27109375 0.63828125 0.0484375 0.0296875
0 0.35078125 0.6125 0.04296875 0.03125
3 0.425 0.590625 0.0359375 0.02734375
7 0.49140625 0.56796875 0.034375 0.03046875
1 0.55078125 0.5484375 0.0328125 0.02734375
10 0.60546875 0.53046875 0.0296875 0.0296875
6 0.6609375 0.5125 0.028125 0.02734375
8 0.71015625 0.496875 0.025 0.02734375
5 0.75703125 0.48125 0.02578125 0.025
4 0.80234375 0.4671875 0.025 0.02421875