9 0.5 0.5 1 1
11 0.8794031078125 0.27992609062499996 0.88077943125 0.2762103171875 0.8769259265624999 0.240290675 0.8730724203125 0.2384327875 0.62782738125 0.2574248515625 0.37854166718750004 0.2749717265625 0.206380290625 0.286738590625 0.060809193750000004 0.29721999062500004 0.000483796875 0.3016108625 0.0002420640625 0.3446202875 0.0657731484375 0.34049999999999997 0.328446759375 0.3222455359375 0.5521564156250001 0.30593700468749996 0.8794031078125 0.27992609062499996
2 0.09453125 0.3171875 0.046875 0.03828125
0 0.1828125 0.3109375 0.04921875 0.0390625
3 0.26875 0.30625 0.0453125 0.0390625
7 0.3546875 0.29921875 0.04609375 0.03984375
1 0.43828125 0.29296875 0.04609375 0.0390625
10 0.521875 0.2875 0.04453125 0.0390625
6 0.60390625 0.28125 0.046875 0.03828125
8 0.68515625 0.27421875 0.046875 0.0390625
5 0.7671875 0.26875 0.04765625 0.03828125
4 0.8515625 0.26171875 0.046875 0.0375