9 0.5 0.5 1 1
11 0.7398356484375 0.9377001484375 0.7516630296875 0.93958755 0.767652446875 0.9430349703124999 0.778328703125 0.9479424609375 0.7869384921875 0.951300346875 0.789626984375 0.8334608140625 0.7959348546875 0.5480166171875 0.8091240078125 0.1999873515625 0.7477658734375 0.2021376484375 0.745472221875 0.276240328125 0.7374441140625 0.5460984625 0.73400330625 0.8326006937500001 0.7330413359375 0.937133928125 0.7398356484375 0.9377001484375
4 0.77890625 0.22578125 0.05546875 0.04296875
5 0.77578125 0.3 0.0546875 0.040625
8 0.7734375 0.3703125 0.0546875 0.040625
6 0.7703125 0.43671875 0.05546875 0.04140625
10 0.76953125 0.503125 0.05625 0.03984375
1 0.7671875 0.56875 0.05390625 0.03984375
7 0.76484375 0.63046875 0.053125 0.040625
3 0.76484375 0.6953125 0.053125 0.03984375
0 0.7640625 0.75390625 0.05234375 0.03828125
2 0.76328125 0.81328125 0.05625 0.0390625