9 0.5 0.5 1 1
11 0.8658154765624999 0.504464534375 0.8709338624999999 0.502021578125 0.8707010578125001 0.46694816406250006 0.8660479499999999 0.46415625 0.6967787703125 0.4659010421875 0.53844444375 0.4671225203125 0.3879880953125 0.4683439984375 0.2361498015625 0.4697400796875 0.0002328046875 0.47148487031249997 0 0.5070818453125 0.11179761875000001 0.5065585312499999 0.3870433203125 0.5060349703125 0.6450211640625 0.5049880953125 0.8658154765624999 0.504464534375
2 0.13984375 0.4890625 0.04375 0.0328125
3 0.28671875 0.4875 0.04375 0.0328125
7 0.36171875 0.48671875 0.04375 0.0328125
0 0.2125 0.48828125 0.0453125 0.03359375
1 0.43671875 0.48671875 0.04921875 0.03515625
10 0.5140625 0.48671875 0.04765625 0.034375
6 0.59296875 0.4859375 0.04921875 0.03515625
8 0.67109375 0.48515625 0.0515625 0.0359375
5 0.7546875 0.48515625 0.053125 0.03671875
4 0.83984375 0.484375 0.0546875 0.03671875