9 0.5 0.5 1 1
11 0.7255224874999999 0.43434895781250005 0.5912562828125 0.45250074375000005 0.48464980156250004 0.46805952343749996 0.3636372359375 0.485347221875 0.28699603125 0.49701612031250003 0.22015079375000002 0.507388640625 0.1267982796875 0.52381175625 0.01786375625 0.5432604171875 0.036303901562500004 0.5838859125 0.233957671875 0.5432604171875 0.3739751984375 0.5173291171875001 0.538241071875 0.4892368546875 0.7284037703124999 0.459847965625 0.7255224874999999 0.43434895781250005
2 0.190625 0.53203125 0.04453125 0.03125
0 0.265625 0.51875 0.0375 0.0296875
3 0.33515625 0.5078125 0.03828125 0.03046875
7 0.4015625 0.49609375 0.0375 0.02734375
1 0.459375 0.4875 0.0359375 0.025
10 0.515625 0.478125 0.03359375 0.025
6 0.56953125 0.4703125 0.03125 0.02421875
8 0.61875 0.46328125 0.03046875 0.0234375
5 0.665625 0.45546875 0.02890625 0.02421875
4 0.7125 0.44921875 0.028125 0.0234375