9 0.5 0.5 1 1
11 0.0013416 0.224397321875 0.000670965625 0.2686728671875 0.3434718921875 0.181630953125 0.8881970906250001 0.051289434375 0.8600218249999999 0.0221076390625 0.320663359375 0.148394096875 0.0013416 0.224397321875
2 0.10234375 0.21796875 0.0453125 0.0296875
0 0.2 0.1953125 0.04296875 0.03359375
3 0.28671875 0.1734375 0.053125 0.02890625
7 0.38125 0.1515625 0.0484375 0.03203125
1 0.46484375 0.1328125 0.046875 0.02890625
10 0.546875 0.11328125 0.04765625 0.0296875
6 0.6296875 0.09296875 0.046875 0.0296875
8 0.70625 0.075 0.040625 0.0265625
5 0.78046875 0.05703125 0.04296875 0.0265625
4 0.853125 0.040625 0.03515625 0.02578125