9 0.5 0.5 1 1
11 0.7568796296875 0.5810290171875 0.76792261875 0.9542576890625 0.7700208328125 0.9557485124999999 0.8182787703125 0.9566594734375 0.8207083328125 0.9548373015625 0.8090026453125001 0.6907606640624999 0.8069044312500001 0.6537837296875 0.8063525125 0.6353142359375 0.805248015625 0.6012442953125 0.8039229499999999 0.598925346875 0.8034811515625 0.5847294140625 0.8042542984375001 0.5824933031249999 0.8028187828125001 0.5499439484375 0.8017142859374999 0.548087053125 0.8011620374999999 0.5320195937500001 0.799284721875 0.4990560515625 0.7995056218750001 0.483694196875 0.7987328046875 0.4525181046875 0.79773875625 0.45144146875 0.7969659390625 0.4379412203125 0.79773875625 0.43620188437499996 0.7971868390625 0.40827579375 0.7959718921875 0.40645386875 0.7958614421875 0.39218675625 0.796413690625 0.39011607187499997 0.7961927906249999 0.36094097187499996 0.7955300921874999 0.3606927078125 0.7954196421875 0.34727529687500003 0.794978175 0.3170037203125 0.79388260625 0.233642609375 0.7915634921875 0.231737846875 0.75490079375 0.2298328375 0.75202943125 0.23223462343749998 0.7522417328125 0.30236731093749997 0.753125 0.3898080359375 0.7536772484375 0.435486359375 0.754450065625 0.4819764390625 0.7568796296875 0.5810290171875
4 0.7734375 0.24609375 0.0390625 0.02734375
5 0.77421875 0.2890625 0.0390625 0.02734375
8 0.77421875 0.33203125 0.0390625 0.02734375
6 0.775 0.375 0.0390625 0.028125
10 0.775 0.42109375 0.03984375 0.02890625
7 0.778125 0.51484375 0.04140625 0.02890625
1 0.77734375 0.4671875 0.040625 0.02890625
3 0.7796875 0.565625 0.0421875 0.03125
0 0.78203125 0.6171875 0.0453125 0.03125
2 0.784375 0.67109375 0.0453125 0.03359375