9 0.5 0.5 1 1
11 0.518973875 0.6342537203124999 0.5866421953125001 0.633346478125 0.6539087296874999 0.63189459375 0.721901125 0.63062425625 0.8364285718750001 0.6282651296874999 0.8381223546875001 0.6262688484375001 0.8357027109375 0.5952366078125 0.8327989421875 0.593421875 0.5850257937500001 0.5983216765625 0.3842083328125 0.603221478125 0.17595304218750002 0.6093916171875 0.0251643515625 0.613928571875 0.025406415625 0.6244541171875 0.0239546953125 0.63316493125 0.0212929890625 0.641694196875 0.017663690625 0.648590278125 0.43162400781250004 0.6371572421875 0.518973875 0.6342537203124999
2 0.2 0.62578125 0.04453125 0.03203125
0 0.26875 0.625 0.04453125 0.03203125
3 0.33828125 0.62109375 0.04453125 0.03203125
7 0.4078125 0.62109375 0.04453125 0.03203125
1 0.47421875 0.61796875 0.04453125 0.03203125
10 0.540625 0.6171875 0.04453125 0.03203125
6 0.60859375 0.615625 0.04453125 0.03203125
8 0.67578125 0.6140625 0.04453125 0.03203125
5 0.7453125 0.61328125 0.04453125 0.03203125
4 0.81171875 0.6109375 0.04453125 0.03203125