9 0.5 0.5 1 1
11 0.015237434375000001 0.33358755 0.3461038359375 0.502830109375 0.85113988125 0.7640949906250001 0.8859679234375 0.7221924609375 0.1298650796875 0.3472358625 0.037715939062499995 0.30533333281249997 0.015237434375000001 0.33358755
2 0.2109375 0.40859375 0.040625 0.01953125
0 0.26796875 0.4390625 0.0421875 0.02578125
3 0.325 0.46796875 0.03828125 0.02890625
7 0.3890625 0.49921875 0.04140625 0.02578125
1 0.453125 0.5328125 0.03828125 0.03203125
10 0.5203125 0.565625 0.04140625 0.03046875
6 0.59296875 0.60234375 0.04609375 0.0296875
8 0.66640625 0.63984375 0.040625 0.03515625
5 0.74609375 0.68125 0.0328125 0.03984375
4 0.83671875 0.7265625 0.0640625 0.0234375