9 0.5 0.5 1 1
11 0.6917308203125 0.323503471875 0.5427162703125 0.39078050625 0.4338964953125 0.439308284375 0.18234656093749999 0.5514513890625 0.201953703125 0.576450396875 0.307832340625 0.5282904265624999 0.46667989375 0.4588075390625 0.8132953046875 0.3018129953125 0.7946683203125 0.2768139875 0.6917308203125 0.323503471875
2 0.32421875 0.5046875 0.0296875 0.02109375
0 0.37421875 0.4828125 0.028125 0.021875
3 0.4234375 0.4609375 0.028125 0.021875
7 0.475 0.4375 0.02890625 0.021875
1 0.525 0.415625 0.02734375 0.02265625
10 0.575 0.39296875 0.02734375 0.02265625
6 0.62734375 0.36953125 0.03125 0.02109375
8 0.67890625 0.346875 0.03125 0.021875
5 0.73125 0.32265625 0.03125 0.021875
4 0.7859375 0.2984375 0.03046875 0.02265625