9 0.5 0.5 1 1
11 0.7857232140625 0.9598229171874999 0.8463756609375 0.9627177578125 0.870355159375 0.211652778125 0.8161875000000001 0.2137185015625 0.8042523140625001 0.45058730156250004 0.7923167984374999 0.7831401296875 0.7857232140625 0.9598229171874999
2 0.82265625 0.81328125 0.0578125 0.0421875
0 0.825 0.74296875 0.059375 0.04140625
3 0.82734375 0.67734375 0.0609375 0.04140625
7 0.828125 0.61015625 0.059375 0.040625
1 0.83046875 0.5453125 0.059375 0.03984375
10 0.83125 0.48359375 0.05703125 0.03984375
6 0.83359375 0.41953125 0.05390625 0.03671875
8 0.8359375 0.359375 0.0546875 0.040625
5 0.8390625 0.2953125 0.053125 0.03984375
4 0.8421875 0.2359375 0.053125 0.0375