9 0.5 0.5 1 1
11 0.7641038359375 0.7037219734375 0.8316451718750001 0.7025017359375 0.821880290625 0.677487846875 0.6754054234375 0.6841989093749999 0.5391025125 0.6899947921875 0.4670856484375 0.6939605656250001 0.3411207015625 0.7006716265625 0.2248591265625 0.7076875 0.099314484375 0.71744915625 0.1082655421875 0.73727728125 0.1994054234375 0.7293459828125 0.364189484375 0.72019444375 0.48552645468750005 0.7140935015625 0.68793716875 0.706467509375 0.7641038359375 0.7037219734375
2 0.21875 0.7203125 0.0203125 0.01484375
0 0.271875 0.71640625 0.0171875 0.0203125
3 0.32734375 0.715625 0.0203125 0.0203125
7 0.38671875 0.71171875 0.01875 0.02109375
1 0.44609375 0.70859375 0.02578125 0.0203125
10 0.51171875 0.703125 0.02734375 0.02109375
6 0.578125 0.7015625 0.0296875 0.02421875
8 0.64609375 0.69921875 0.0328125 0.025
5 0.7203125 0.69609375 0.03828125 0.025
6 0.8 0.6921875 0.04453125 0.0265625