9 0.5 0.5 1 1
11 0.48815542343749996 0.9216188000000001 0.5386213625 0.9209982640625001 0.535839615625 0.11724454375 0.487838625 0.11671875000000001 0.48815542343749996 0.9216188000000001
2 0.51328125 0.384375 0.046875 0.0359375
0 0.5125 0.44140625 0.046875 0.03515625
3 0.5125 0.49765625 0.0453125 0.03671875
7 0.51328125 0.5546875 0.04765625 0.03671875
1 0.51328125 0.6109375 0.04609375 0.03671875
10 0.51328125 0.66875 0.04765625 0.03671875
6 0.5125 0.7265625 0.04765625 0.0375
8 0.5140625 0.78359375 0.04609375 0.0359375
5 0.51328125 0.84296875 0.0484375 0.03828125
4 0.51328125 0.903125 0.0484375 0.03671875