9 0.5 0.5 1 1
11 0.9926557546874999 0.49975024843750004 0.9918171296875 0.4645178578125 0.0890806875 0.5030384421874999 0.09195601875000001 0.538757440625 0.9926557546874999 0.49975024843750004
4 0.1171875 0.51953125 0.046875 0.0328125
5 0.19453125 0.5171875 0.04296875 0.0328125
8 0.26796875 0.51328125 0.046875 0.0328125
6 0.3390625 0.509375 0.04375 0.0328125
10 0.4125 0.50703125 0.04375 0.03359375
1 0.4859375 0.50390625 0.04453125 0.03359375
7 0.5578125 0.50078125 0.04296875 0.03359375
3 0.63125 0.49765625 0.04296875 0.0328125
0 0.70390625 0.49453125 0.04453125 0.03359375
2 0.77890625 0.4921875 0.046875 0.03359375