9 0.5 0.5 1 1
11 0.9342546296875 0.5809799109375 0.9352357796874999 0.5478591265625 0.0273022484375 0.5384533734375 0.026746031250000003 0.57288368125 0.9342546296875 0.5809799109375
2 0.27265625 0.55703125 0.04453125 0.034375
0 0.3421875 0.5578125 0.04375 0.0328125
3 0.41171875 0.55859375 0.0453125 0.03359375
7 0.4828125 0.559375 0.04453125 0.03359375
1 0.55234375 0.56015625 0.04375 0.034375
10 0.62265625 0.5609375 0.0453125 0.03359375
6 0.69375 0.56171875 0.046875 0.03359375
8 0.76484375 0.5625 0.04609375 0.034375
5 0.83671875 0.56328125 0.0453125 0.034375
4 0.9109375 0.56484375 0.04609375 0.034375