9 0.5 0.5 1 1
11 0.8563826062500001 0.25047619062500004 0.8486901453125 0.138976190625 0.7888604499999999 0.14153918593749998 0.8076643515624999 0.3683841765625 0.834160053125 0.6550153765625 0.8596445109375 0.9477123015625001 0.926468915625 0.947094990625 0.9145029765625001 0.7894570937500001 0.8974087296875 0.6388184531250001 0.8803144843749999 0.499430059375 0.8674937171874999 0.36858730156249997 0.8563826062500001 0.25047619062500004
2 0.878125 0.759375 0.05859375 0.05078125
0 0.87109375 0.68359375 0.05625 0.046875
3 0.8625 0.61015625 0.0546875 0.04921875
1 0.84921875 0.471875 0.0546875 0.0453125
10 0.8421875 0.40625 0.05234375 0.04140625
6 0.8375 0.34140625 0.0515625 0.04296875
8 0.83125 0.28046875 0.05 0.03828125
5 0.8265625 0.21953125 0.05078125 0.03671875
4 0.821875 0.16015625 0.0515625 0.0375
7 0.85625 0.53828125 0.059375 0.04609375