9 0.5 0.5 1 1
11 0 0.737626240625 0.23424470937500003 0.6060166171875 0.879895503125 0.24967881875 0.8496964281249999 0.217235615625 0 0.6800853171875 0 0.737626240625
2 0.24296875 0.575 0.0421875 0.0296875
0 0.31484375 0.5359375 0.04296875 0.028125
3 0.38515625 0.49609375 0.04296875 0.0296875
7 0.45546875 0.459375 0.0421875 0.0265625
1 0.52421875 0.421875 0.040625 0.02734375
10 0.58671875 0.38671875 0.03984375 0.02890625
6 0.653125 0.35 0.0453125 0.0265625
8 0.71640625 0.31484375 0.046875 0.025
5 0.7796875 0.2796875 0.04296875 0.02578125
4 0.8421875 0.24375 0.0453125 0.025