9 0.5 0.5 1 1
11 0.7668303578125 0.1424404765625 0.77663260625 0.28607986093750004 0.8105631609374999 0.719847965625 0.829413359375 0.9664551093749999 0.8859642859375001 0.9602346234375 0.8821941140625 0.8318638390625 0.864097884375 0.579612846875 0.8490178578125 0.3652509921875 0.8377076718750001 0.1345233140625 0.7668303578125 0.1424404765625
4 0.8046875 0.16640625 0.06875 0.046875
5 0.80859375 0.246875 0.06640625 0.04140625
8 0.8140625 0.325 0.06484375 0.04375
6 0.8171875 0.39765625 0.06328125 0.04375
10 0.821875 0.47109375 0.06328125 0.0421875
1 0.8296875 0.5421875 0.06484375 0.0453125
7 0.83515625 0.6109375 0.06171875 0.040625
3 0.8421875 0.68046875 0.05546875 0.04140625
0 0.846875 0.74609375 0.05390625 0.04140625
2 0.85078125 0.81015625 0.05625 0.0390625