9 0.5 0.5 1 1
11 0 0.42193874062500003 0.1964166671875 0.4216733625 0.4044847890625 0.420480159375 0.62481944375 0.41796056562499995 0.8539550265625 0.414512896875 0.857314153125 0.4125240578125 0.8566071421875 0.3820255453125 0.85412533125 0.37966641874999996 0.45667989374999995 0.378548859375 0 0.374358134375 0 0.42193874062500003
2 0.16328125 0.3984375 0.059375 0.04375
0 0.26015625 0.39765625 0.05625 0.04296875
3 0.34765625 0.39921875 0.053125 0.040625
7 0.43046875 0.39921875 0.0515625 0.03828125
1 0.50703125 0.39921875 0.046875 0.03828125
10 0.57890625 0.3984375 0.04375 0.03671875
6 0.6484375 0.3984375 0.0421875 0.03671875
8 0.71328125 0.3984375 0.040625 0.0359375
5 0.77578125 0.3984375 0.0375 0.03359375
4 0.8359375 0.39765625 0.03671875 0.0328125