9 0.5 0.5 1 1
11 0.722682209375 0.38407738125 0.7531567453125 0.946887896875 0.8126547625 0.9463437499999999 0.800319775 0.7112326390625 0.777101190625 0.312821428125 0.7676686515625 0.1386483140625 0.718328703125 0.144634425 0.722682209375 0.38407738125
4 0.74375 0.1625 0.05234375 0.0359375
5 0.74609375 0.225 0.05390625 0.0390625
8 0.75 0.28671875 0.0546875 0.03671875
6 0.7515625 0.34765625 0.05546875 0.0390625
10 0.7546875 0.4109375 0.05546875 0.0390625
1 0.75859375 0.4734375 0.05703125 0.040625
7 0.76015625 0.5390625 0.05546875 0.04453125
3 0.76484375 0.6046875 0.05546875 0.04375
0 0.76953125 0.671875 0.05546875 0.0453125
2 0.77265625 0.740625 0.05546875 0.04609375