9 0.5 0.5 1 1
11 0.47885185156250004 0.4889578375 0.58119080625 0.402216021875 0.73005125625 0.273849703125 0.7298525125 0.2713139875 0.6958442453125 0.2474486609375 0.6930598546875 0.24789608125 0.60873545 0.3205364578125 0.49192195781250003 0.42054166718749997 0.33832407343750004 0.5503097718750001 0.19381911406250002 0.67164459375 0.0345340609375 0.8065813484375 0.051801256250000004 0.8225039687500001 0.0602929890625 0.8354541171875001 0.0631236765625 0.8418231640625 0.233682209375 0.69731795625 0.47885185156250004 0.4889578375
2 0.2328125 0.66796875 0.03828125 0.0265625
0 0.2875 0.62265625 0.040625 0.02734375
3 0.33984375 0.578125 0.0390625 0.0265625
7 0.39140625 0.534375 0.0359375 0.0265625
1 0.4421875 0.490625 0.03828125 0.02578125
10 0.49296875 0.4484375 0.03828125 0.02578125
6 0.54375 0.40390625 0.03828125 0.02421875
8 0.59453125 0.36171875 0.03515625 0.02578125
5 0.64453125 0.31796875 0.03515625 0.028125
4 0.69609375 0.27421875 0.03984375 0.025