9 0.5 0.5 1 1
11 0.7197017203125 0.1994615578125 0.6345119046875001 0.3107829859375 0.46622288437500004 0.536193453125 0.24202248750000002 0.8420141375 0.18913227500000002 0.9160880453125 0.2414014546875 0.9325942453125 0.302611771875 0.841294890625 0.397726190625 0.7086949406249999 0.6831170640625001 0.3300057046875 0.7662162703125001 0.22062822343750002 0.7197017203125 0.1994615578125
2 0.35546875 0.72734375 0.040625 0.03125
0 0.39375 0.6734375 0.0375 0.02890625
3 0.43359375 0.61875 0.03984375 0.02734375
7 0.475 0.565625 0.04453125 0.02421875
1 0.5140625 0.5140625 0.04375 0.02578125
10 0.5546875 0.459375 0.04375 0.025
6 0.5953125 0.4046875 0.04296875 0.025
8 0.63828125 0.3484375 0.04453125 0.02578125
5 0.68203125 0.290625 0.04375 0.0265625
4 0.72734375 0.23046875 0.04765625 0.02578125