9 0.5 0.5 1 1
11 0.3989766859375 0.1018495375 0.36945610156250003 0.10244576718750001 0.3332259421875 0.9786557546875001 0.3605104171875 0.984619709375 0.3989766859375 0.1018495375
4 0.384375 0.12265625 0.02578125 0.03671875
5 0.38203125 0.1859375 0.0265625 0.0390625
8 0.37890625 0.24765625 0.0265625 0.0359375
6 0.37734375 0.3078125 0.025 0.03671875
10 0.375 0.3703125 0.025 0.03671875
1 0.371875 0.43125 0.02421875 0.0375
7 0.36953125 0.49296875 0.02578125 0.03671875
3 0.36640625 0.55625 0.0265625 0.0375
0 0.36484375 0.61640625 0.0265625 0.0375
2 0.36171875 0.68046875 0.02578125 0.0375