9 0.5 0.5 1 1
11 0.7550949078125 0.22381002031250002 0.7067688484375 0.225622271875 0.7628207671875 0.9405128968750001 0.8167106484375 0.9369216265625001 0.7550949078125 0.22381002031250002
4 0.73203125 0.24453125 0.04453125 0.03359375
5 0.73671875 0.3046875 0.04453125 0.03359375
8 0.74140625 0.3640625 0.0484375 0.0328125
6 0.74609375 0.421875 0.04609375 0.034375
10 0.75 0.48125 0.04609375 0.0328125
1 0.7546875 0.54140625 0.0453125 0.0359375
7 0.76015625 0.5984375 0.0453125 0.0375
3 0.76484375 0.65859375 0.04375 0.0375
0 0.76953125 0.7171875 0.04296875 0.034375
2 0.7765625 0.77734375 0.04375 0.03828125