9 0.5 0.5 1 1
11 0.3696574078125 0.34833010937500003 0.2063459 0.1706822921875 0.1552083328125 0.1991525296875 0.2761332671875 0.33098611093749997 0.8003756609374999 0.8953266375 0.8483716937500001 0.8663420140625 0.7461461640625 0.7578834328124999 0.5317218921875 0.52507118125 0.3696574078125 0.34833010937500003
4 0.2 0.2046875 0.040625 0.0390625
5 0.25703125 0.26796875 0.04296875 0.03828125
8 0.315625 0.33046875 0.03984375 0.04140625
6 0.37109375 0.38984375 0.0390625 0.03828125
10 0.42578125 0.44921875 0.0359375 0.03671875
1 0.4796875 0.50859375 0.03984375 0.0375
7 0.53125 0.5671875 0.03671875 0.03671875
3 0.58515625 0.6265625 0.03515625 0.03671875
0 0.63984375 0.68359375 0.0359375 0.03671875
2 0.69296875 0.74140625 0.0328125 0.03671875