9 0.5 0.5 1 1
11 0.259174934375 0.530241815625 0.0865062828125 0.5547142859374999 0.0286752640625 0.56482415625 0.0113191140625 0.596517609375 0.54482705 0.517849703125 0.951262565625 0.4656609625 0.9168197749999999 0.4466267359375 0.59958101875 0.48741443437500004 0.259174934375 0.530241815625
2 0.21875 0.54765625 0.0609375 0.02109375
0 0.31640625 0.53359375 0.0546875 0.01953125
3 0.40625 0.5203125 0.0515625 0.01953125
7 0.490625 0.509375 0.04609375 0.01953125
1 0.56875 0.4984375 0.0484375 0.01796875
10 0.64375 0.490625 0.0375 0.01796875
6 0.71796875 0.48125 0.03515625 0.01875
8 0.7828125 0.471875 0.03046875 0.0171875
5 0.8515625 0.4640625 0.03984375 0.0125
4 0.90859375 0.45546875 0.0390625 0.01328125