9 0.5 0.5 1 1
11 0.698891865625 0.43068774843749996 0.703240409375 0.73231324375 0.70613988125 0.8845448906250001 0.76049966875 0.8845448906250001 0.7568756609375 0.6715297625 0.7503525125 0.3810749015625 0.748902778125 0.21223834375 0.698891865625 0.21332539687500002 0.698891865625 0.43068774843749996
2 0.73046875 0.76328125 0.04921875 0.04140625
0 0.73046875 0.7 0.04921875 0.03984375
3 0.72734375 0.640625 0.0515625 0.03984375
7 0.72734375 0.57890625 0.0515625 0.03671875
1 0.72578125 0.52109375 0.046875 0.03671875
10 0.725 0.46171875 0.046875 0.03671875
6 0.725 0.403125 0.046875 0.0375
8 0.72578125 0.34609375 0.04609375 0.0328125
5 0.725 0.290625 0.04921875 0.03359375
4 0.725 0.23359375 0.046875 0.0375