9 0.5 0.5 1 1
11 0.5580171953125 0.48138764843750004 0.7280486109375001 0.36518055625 0.8889652781249999 0.2556321921875 0.8894685843750001 0.2526123515625 0.8877070109374999 0.25072495 0.8600261250000001 0.22694469218750002 0.8567549609375 0.2260009921875 0.8544900796875 0.22694469218750002 0.67607374375 0.350376240625 0.5093240734375 0.4650357140625 0.3499675921875 0.574595734375 0.18898511875 0.6871790671875 0.19980588593749998 0.6943509421875 0.206348875 0.7017115578124999 0.21263988125000002 0.7100158734375001 0.2144014546875 0.7149228671875 0.34651488124999996 0.625085565625 0.5580171953125 0.48138764843750004
2 0.3484375 0.6015625 0.03203125 0.02578125
0 0.4015625 0.5640625 0.034375 0.02421875
3 0.453125 0.52734375 0.03515625 0.025
7 0.50703125 0.490625 0.03515625 0.0265625
1 0.56171875 0.45390625 0.03359375 0.0265625
10 0.61640625 0.415625 0.03203125 0.0265625
6 0.6734375 0.3765625 0.03515625 0.028125
8 0.73203125 0.33671875 0.03515625 0.0265625
5 0.790625 0.296875 0.034375 0.03046875
4 0.85234375 0.25390625 0.0390625 0.02890625