9 0.5 0.5 1 1
11 0.844079365625 0.9236897328125 0.8504060843750001 0.765919146875 0.8683316796874999 0.22178050625 0.8098101859375 0.22415302656249997 0.7929391531250001 0.922503471875 0.844079365625 0.9236897328125
4 0.8390625 0.2453125 0.05546875 0.04296875
5 0.83671875 0.3125 0.05546875 0.04296875
8 0.834375 0.37578125 0.05546875 0.04296875
6 0.83125 0.43828125 0.05546875 0.040625
10 0.8296875 0.49921875 0.05546875 0.040625
1 0.828125 0.559375 0.05546875 0.040625
7 0.82734375 0.61875 0.05546875 0.040625
3 0.82578125 0.6796875 0.05546875 0.040625
0 0.8234375 0.73671875 0.05390625 0.040625
2 0.82421875 0.79375 0.05234375 0.03671875