9 0.5 0.5 1 1
11 0.7383042328125 0.9867028765624999 0.77910648125 0.2840927578125 0.7256223546875 0.2840927578125 0.7019126984375 0.7034704859375001 0.6870254625000001 0.987943453125 0.7383042328125 0.9867028765624999
2 0.72109375 0.8421875 0.04921875 0.0375
0 0.72578125 0.784375 0.04921875 0.03671875
3 0.72734375 0.72578125 0.05 0.0359375
7 0.73046875 0.665625 0.05078125 0.03671875
1 0.7328125 0.6078125 0.0515625 0.0375
10 0.7359375 0.5484375 0.05078125 0.0375
6 0.73984375 0.4890625 0.05078125 0.0390625
8 0.74375 0.42890625 0.05 0.03828125
5 0.74765625 0.3671875 0.0515625 0.0390625
4 0.75078125 0.3046875 0.05 0.03828125