9 0.5 0.5 1 1
11 0.7324735453125 0.9337797625 0.7804232796874999 0.9375 0.828373015625 0.343501984375 0.7804232796874999 0.343501984375 0.7324735453125 0.9337797625
2 0.76640625 0.81328125 0.04375 0.03125
0 0.7703125 0.7640625 0.04453125 0.03046875
3 0.7734375 0.71484375 0.04609375 0.0328125
7 0.7765625 0.66484375 0.04609375 0.03203125
1 0.78046875 0.615625 0.04609375 0.03203125
10 0.78359375 0.56640625 0.04453125 0.03203125
6 0.78671875 0.515625 0.0453125 0.03203125
8 0.79140625 0.465625 0.04453125 0.0328125
5 0.7953125 0.4140625 0.04375 0.0328125
4 0.80078125 0.36171875 0.04375 0.034375