9 0.5 0.5 1 1
11 0.842151125 0.5564213796875 0.8259193125 0.5292088296874999 0.0019097218749999998 0.5864980156249999 0.00286441875 0.621587796875 0.842151125 0.5564213796875
2 0.0984375 0.59453125 0.05703125 0.02890625
0 0.1875 0.5875 0.05625 0.02578125
3 0.275 0.5796875 0.05703125 0.028125
7 0.3609375 0.57421875 0.0515625 0.02734375
1 0.43984375 0.56796875 0.0484375 0.02734375
10 0.51796875 0.5625 0.046875 0.02421875
6 0.59375 0.5578125 0.0421875 0.0265625
8 0.6671875 0.55234375 0.03828125 0.025
5 0.7390625 0.546875 0.03828125 0.0203125
4 0.8109375 0.54296875 0.0328125 0.025