9 0.5 0.5 1 1
11 0.5282860453125 0.32653397812499996 0.1359199734375 0.6915982140625 0.0233928578125 0.8002619046874999 0.0837615734375 0.8336532734375 0.24826620312499997 0.6774833828125 0.581093584375 0.3571294640625 0.7991901453125 0.14429613125000001 0.750895503125 0.11769618125 0.5282860453125 0.32653397812499996
2 0.18984375 0.68671875 0.0546875 0.03828125
0 0.26171875 0.61875 0.0515625 0.040625
3 0.33046875 0.5546875 0.05234375 0.03828125
7 0.3984375 0.490625 0.05234375 0.0359375
1 0.46015625 0.43203125 0.0546875 0.0328125
10 0.52109375 0.37265625 0.0546875 0.0296875
6 0.5828125 0.315625 0.04609375 0.03515625
8 0.63984375 0.259375 0.0484375 0.02890625
5 0.69765625 0.2046875 0.04609375 0.03125
4 0.753125 0.15 0.05 0.03125