9 0.5 0.5 1 1
11 0.8600092593750001 0.871734375 0.86969510625 0.1460079359375 0.8151481484374999 0.151360615625 0.8059970234374999 0.6232661203125 0.8064818125000001 0.8709697421874999 0.8600092593750001 0.871734375
4 0.8421875 0.1671875 0.05390625 0.0359375
5 0.8390625 0.2296875 0.05390625 0.0359375
8 0.8390625 0.28984375 0.05390625 0.0359375
6 0.8375 0.35078125 0.05390625 0.0359375
10 0.83515625 0.4109375 0.05390625 0.0359375
1 0.83359375 0.46953125 0.05390625 0.0359375
7 0.83515625 0.5328125 0.05390625 0.0359375
3 0.83515625 0.5953125 0.05390625 0.0359375
0 0.8328125 0.65390625 0.05390625 0.0359375
2 0.834375 0.71796875 0.05390625 0.0359375