9 0.5 0.5 1 1
11 0.8862433859375001 0.1140873015625 0.8416005296875 0.080605159375 0.003306878125 0.6808035718750001 0.0016534390625 0.7576884921875 0.8862433859375001 0.1140873015625
2 0.18046875 0.58828125 0.05625 0.0328125
0 0.259375 0.5328125 0.05859375 0.03046875
3 0.334375 0.47890625 0.059375 0.0296875
7 0.4109375 0.42421875 0.05546875 0.03125
1 0.484375 0.37109375 0.05234375 0.0328125
10 0.5546875 0.3203125 0.06015625 0.0265625
6 0.628125 0.2671875 0.05546875 0.028125
8 0.6984375 0.215625 0.05390625 0.02890625
5 0.76953125 0.16484375 0.05234375 0.0296875
4 0.84140625 0.11484375 0.04609375 0.034375