9 0.5 0.5 1 1
11 0.9996693125 0.94334375 0.9996693125 0.8012929062499999 0.8103574734375 0.20534449375000002 0.7704077375 0.213868303125 0.9851170640625 0.9454094734374999 0.9996693125 0.94334375
2 0.92578125 0.646875 0.04140625 0.03671875
0 0.9078125 0.59140625 0.040625 0.03359375
3 0.890625 0.5390625 0.04296875 0.03203125
7 0.875 0.48828125 0.0390625 0.0296875
1 0.8609375 0.440625 0.03984375 0.02734375
10 0.846875 0.39375 0.0375 0.02578125
6 0.83203125 0.34921875 0.03828125 0.02421875
8 0.8203125 0.30625 0.03828125 0.02421875
5 0.80859375 0.26484375 0.03671875 0.02265625
4 0.7953125 0.2234375 0.0375 0.021875