9 0.5 0.5 1 1
11 0.20076686562499999 0.9371001984375 0.24835251249999998 0.938459821875 0.25197817499999997 0.8041999015625001 0.2875651453125 0.21295238125 0.238579365625 0.21295238125 0.2022936515625 0.805626984375 0.20076686562499999 0.9371001984375
4 0.26015625 0.234375 0.046875 0.03984375
5 0.259375 0.29765625 0.0484375 0.0390625
8 0.25390625 0.3578125 0.04765625 0.040625
6 0.25078125 0.41875 0.04609375 0.0390625
10 0.2484375 0.47890625 0.046875 0.03984375
1 0.2453125 0.5390625 0.046875 0.03984375
7 0.23984375 0.59921875 0.04609375 0.040625
3 0.2359375 0.6609375 0.04609375 0.03828125
0 0.2328125 0.72109375 0.046875 0.03671875
2 0.2296875 0.7828125 0.04453125 0.0375