9 0.5 0.5 1 1
11 0.2687609125 0.550551090625 0 0.5677748015625 0.000402778125 0.600106646875 0.274771825 0.5804657734374999 0.8469421296874999 0.5442056046875 0.8368700390624999 0.5164060015625 0.5048872359375001 0.5360471234374999 0.2687609125 0.550551090625
2 0.29609375 0.5640625 0.03984375 0.02734375
0 0.36015625 0.56015625 0.0390625 0.02734375
3 0.42265625 0.5546875 0.03828125 0.02890625
7 0.48359375 0.5515625 0.03515625 0.02734375
1 0.5421875 0.5484375 0.03515625 0.0265625
10 0.59921875 0.54453125 0.0328125 0.0265625
6 0.65625 0.54140625 0.03359375 0.02734375
8 0.7125 0.5375 0.03359375 0.02578125
5 0.76796875 0.534375 0.0296875 0.02578125
4 0.8234375 0.53125 0.0296875 0.02578125