9 0.5 0.5 1 1
11 0.216744046875 0.9388266375000001 0.2749880953125 0.9388266375000001 0.2835813484375 0.75478521875 0.332277446875 0.063633928125 0.2683042328125 0.0622016375 0.2213485453125 0.78868824375 0.216744046875 0.9388266375000001
2 0.2578125 0.71875 0.05703125 0.04453125
0 0.2609375 0.64921875 0.0578125 0.0453125
3 0.2671875 0.58203125 0.059375 0.04453125
7 0.27265625 0.51171875 0.05703125 0.04453125
1 0.27734375 0.44296875 0.06015625 0.04296875
10 0.2828125 0.37265625 0.0578125 0.04375
6 0.2859375 0.30234375 0.059375 0.04375
8 0.290625 0.23125 0.05859375 0.0453125
5 0.29453125 0.16015625 0.06015625 0.04296875
4 0.3 0.0875 0.059375 0.04453125