9 0.5 0.5 1 1
11 0 0.3565178578125 0.150986771875 0.36085863125 0.15576818750000002 0.36236855156250003 0.210170634375 0.36375049531250003 0.20994113749999999 0.362027778125 0.23451851875 0.36323363125 0.23704497343750003 0.3648702875 0.2924014546875 0.3669375 0.29274603125 0.3653869046875 0.31249966875 0.366162203125 0.316634259375 0.368143353125 0.36601851875 0.3696076390625 0.3701531078125 0.3678849203125 0.39162962968750004 0.368143353125 0.3955343921875 0.3699521328125 0.4419328703125 0.3716748515625 0.44560780468749994 0.370210565625 0.464442790625 0.3711579859375 0.4680029765625 0.3728807046875 0.5148607796875 0.3738283734375 0.5168131609375 0.3729670140625 0.5358779765625 0.3733115078125 0.53737103125 0.3737420640625 0.5846881609375 0.3752063484375 0.5864107140625 0.3745173609375 0.6057050265624999 0.375637153125 0.6097248671875 0.3770153765625 0.654170634375 0.37813516875 0.6552043656250001 0.3770153765625 0.6735800265624999 0.377618303125 0.6764510578125 0.37942708281250004 0.720208003125 0.38020238125 0.72193055625 0.3785657234375 0.7397321421874999 0.3791686515625 0.7430625 0.3807189984375 0.784177909375 0.381408234375 0.787049271875 0.3799439484375 0.8068029093750001 0.3807189984375 0.8108227515624999 0.38226959374999997 0.8527655421875 0.38324131875 0.8680740734375 0.3538494546875 0.8659308859375001 0.3513236609375 0.546601190625 0.34053125 0.1506329359375 0.325146578125 0 0.318959821875 0 0.3565178578125
2 0.18046875 0.3453125 0.04765625 0.034375
0 0.26484375 0.34921875 0.0484375 0.0296875
3 0.34375 0.35234375 0.04296875 0.03046875
7 0.42265625 0.3546875 0.04296875 0.03046875
1 0.49453125 0.35859375 0.0421875 0.0296875
10 0.56796875 0.36015625 0.0359375 0.03046875
6 0.63671875 0.36171875 0.0328125 0.03046875
8 0.70546875 0.36484375 0.02890625 0.0296875
5 0.771875 0.365625 0.02578125 0.0296875
4 0.83984375 0.36796875 0.02421875 0.02890625