9 0.5 0.5 1 1
11 0.3473303578125 0.20088095312499998 0.3423683859375 0.299498015625 0.33430555625 0.4799486609375 0.32004001249999997 0.6781594734375 0.31197718281250003 0.813590278125 0.35477314843749996 0.8163814484374999 0.3640767203125 0.6856674109374999 0.377101521875 0.528903521875 0.387645503125 0.37022321406250003 0.39942989375 0.2036721234375 0.3473303578125 0.20088095312499998
4 0.37265625 0.22421875 0.04765625 0.0375
5 0.36953125 0.2859375 0.0453125 0.03828125
8 0.36640625 0.34453125 0.04765625 0.03515625
6 0.36328125 0.3984375 0.046875 0.03359375
10 0.36015625 0.4546875 0.04296875 0.0296875
1 0.35546875 0.50625 0.04375 0.0328125
7 0.35234375 0.55625 0.04296875 0.03125
3 0.3484375 0.60859375 0.04140625 0.03125
0 0.3453125 0.65546875 0.04296875 0.03046875
2 0.340625 0.70390625 0.04140625 0.02890625