9 0.5 0.5 1 1
11 0.5572013890624999 0.4907135421875 0.3229130296875 0.524440228125 0.0008994703124999999 0.569633928125 0.0008994703124999999 0.6354010421875 0.250027446875 0.5848110125 0.4632162703125 0.5443390375 0.727836640625 0.4971852671875 0.7267691796875 0.4640483625 0.5572013890624999 0.4907135421875
2 0.19296875 0.57265625 0.05 0.04375
0 0.284375 0.55625 0.0421875 0.0375
3 0.36171875 0.54375 0.040625 0.03359375
7 0.43046875 0.5328125 0.0359375 0.03203125
1 0.4890625 0.521875 0.03515625 0.03125
10 0.54140625 0.51328125 0.03046875 0.03046875
6 0.59296875 0.50546875 0.02890625 0.028125
8 0.6375 0.496875 0.025 0.02890625
5 0.67734375 0.490625 0.02265625 0.028125
4 0.71640625 0.484375 0.02109375 0.0265625