9 0.5 0.5 1 1
11 0.9141054890625 0.519571428125 0.9120648140625001 0.4797678578125 0.0137030421875 0.51775396875 0.013150462500000001 0.5555478671875 0.9141054890625 0.519571428125
2 0.18125 0.52890625 0.0484375 0.03515625
0 0.25703125 0.52578125 0.046875 0.03515625
3 0.33359375 0.52265625 0.04921875 0.0359375
7 0.41015625 0.51953125 0.04765625 0.0359375
1 0.48671875 0.51640625 0.04921875 0.03671875
10 0.56328125 0.5140625 0.04921875 0.0359375
6 0.64140625 0.51015625 0.05 0.0359375
8 0.7203125 0.5078125 0.0515625 0.03671875
5 0.80234375 0.50546875 0.05234375 0.03671875
4 0.88515625 0.5015625 0.0546875 0.03671875