9 0.5 0.5 1 1
11 0.7721560843749999 0.5084325390625 0.76678306875 0.47923933593749996 0.00661375625 0.5865575390625 0.0115740734375 0.631200396875 0.7721560843749999 0.5084325390625
2 0.2359375 0.57421875 0.0484375 0.03359375
0 0.3109375 0.5625 0.04453125 0.03203125
3 0.38046875 0.55234375 0.04140625 0.03125
7 0.4453125 0.5421875 0.03828125 0.03046875
1 0.50390625 0.53359375 0.0359375 0.0296875
10 0.559375 0.525 0.03203125 0.02890625
6 0.6125 0.51796875 0.03203125 0.028125
8 0.66171875 0.51015625 0.03046875 0.02734375
5 0.70859375 0.503125 0.02734375 0.02734375
4 0.75390625 0.496875 0.028125 0.025