9 0.5 0.5 1 1
11 0.274858465625 0.994465278125 0.3946851859375 0.4866356640625 0.4397341265625 0.29448809531250003 0.4539751984375 0.2225553078125 0.4516501328125 0.21492609062499998 0.44816269843749995 0.2111116078125 0.40442162656249997 0.21089360156249998 0.2157139546875 0.9795337296875 0.22501422031249999 0.9808415171875 0.24114451093749997 0.985855159375 0.263233134375 0.994683284375 0.274858465625 0.994465278125
2 0.29453125 0.78828125 0.04921875 0.046875
0 0.31328125 0.715625 0.046875 0.04375
3 0.3296875 0.64453125 0.046875 0.03984375
7 0.34453125 0.57734375 0.04609375 0.03671875
1 0.36171875 0.51484375 0.0421875 0.0359375
10 0.375 0.4546875 0.04765625 0.03359375
6 0.38984375 0.3953125 0.04453125 0.034375
8 0.4 0.340625 0.04375 0.03046875
5 0.41328125 0.284375 0.04453125 0.0296875
4 0.42421875 0.2296875 0.04296875 0.0328125