9 0.5 0.5 1 1
11 0.8755853171875 0.9512832343750001 0.8602364421875001 0.7200032234375 0.8260502640625 0.2954630453125 0.7758174609374999 0.3006954359375 0.8302364421874999 0.9512832343750001 0.8755853171875 0.9512832343750001
4 0.8046875 0.31796875 0.04609375 0.034375
5 0.8078125 0.371875 0.04609375 0.0328125
8 0.8109375 0.425 0.0453125 0.03125
6 0.815625 0.47734375 0.0453125 0.03359375
10 0.8203125 0.53125 0.04453125 0.0328125
1 0.8234375 0.58359375 0.046875 0.0328125
7 0.828125 0.63671875 0.0453125 0.034375
3 0.8328125 0.6890625 0.04609375 0.034375
0 0.83828125 0.74296875 0.046875 0.0359375
2 0.8421875 0.79609375 0.04609375 0.03359375