9 0.5 0.5 1 1
11 0.998376653125 0.5536071421875 0.9962834 0.514362846875 0.7492218921875 0.5148861609375001 0.06549801562499999 0.516455853125 0.0661957671875 0.5546537703125 0.3579087296875 0.55203745 0.998376653125 0.5536071421875
4 0.0921875 0.5359375 0.05 0.034375
5 0.17265625 0.53515625 0.04609375 0.034375
8 0.25078125 0.53515625 0.05 0.03359375
6 0.32734375 0.534375 0.0484375 0.03359375
10 0.403125 0.534375 0.04375 0.0328125
1 0.47890625 0.534375 0.04921875 0.034375
7 0.55546875 0.534375 0.0484375 0.03515625
3 0.6328125 0.534375 0.0484375 0.03359375
0 0.71015625 0.534375 0.04765625 0.0328125
2 0.78828125 0.534375 0.04921875 0.03515625