9 0.5 0.5 1 1
11 0.305443453125 0.13297395781250002 0.251593584375 0.134298115625 0.274589615625 0.8709122031250001 0.3275224875 0.8713256453125 0.305443453125 0.13297395781250002
2 0.2953125 0.7125 0.05234375 0.0390625
0 0.29453125 0.65 0.05234375 0.0375
3 0.29140625 0.5890625 0.05234375 0.03828125
7 0.290625 0.5265625 0.05390625 0.040625
1 0.28828125 0.465625 0.05234375 0.03984375
10 0.2875 0.40546875 0.053125 0.0390625
6 0.28515625 0.34296875 0.0546875 0.03984375
8 0.2828125 0.28203125 0.0546875 0.03984375
5 0.28046875 0.21875 0.05546875 0.03984375
4 0.2765625 0.15546875 0.05390625 0.040625