9 0.5 0.5 1 1
11 0.9319041 0.3788249015625 0.9261752640625 0.33800620000000003 0.024825396875 0.4346817953125 0.0286445109375 0.47120362031249996 0.9319041 0.3788249015625
2 0.1953125 0.4359375 0.04140625 0.03359375
0 0.26796875 0.42890625 0.040625 0.034375
3 0.34140625 0.42109375 0.0421875 0.034375
7 0.41484375 0.41171875 0.04609375 0.03046875
1 0.49296875 0.40546875 0.0421875 0.03515625
10 0.56796875 0.39765625 0.04453125 0.03515625
6 0.64609375 0.3890625 0.046875 0.03515625
8 0.72734375 0.38046875 0.05078125 0.034375
5 0.8109375 0.37109375 0.05078125 0.03515625
4 0.9 0.3609375 0.05390625 0.0359375