9 0.5 0.5 1 1
11 0.741244709375 0.21313368124999998 0.6938740078125 0.2162157734375 0.708696759375 0.865155009375 0.759722884375 0.8759491562499999 0.741244709375 0.21313368124999998
4 0.71796875 0.23359375 0.04765625 0.02890625
5 0.71875 0.2890625 0.04765625 0.03203125
8 0.71953125 0.340625 0.04609375 0.03203125
6 0.72109375 0.39375 0.04765625 0.03125
10 0.721875 0.44765625 0.04765625 0.03359375
1 0.72265625 0.50078125 0.04765625 0.034375
7 0.72421875 0.55625 0.05 0.03515625
3 0.7265625 0.6125 0.0484375 0.0375
0 0.72734375 0.66875 0.04921875 0.03671875
2 0.72890625 0.7265625 0.04765625 0.0390625