9 0.5 0.5 1 1
11 0.24860383593750002 0.9016140874999999 0.3559388234375 0.23534548593750002 0.31501752656250004 0.2288048109375 0.2764566796875 0.469829365625 0.197619709375 0.9006078875 0.24860383593750002 0.9016140874999999
2 0.26796875 0.63515625 0.040625 0.03125
0 0.27734375 0.58515625 0.0375 0.03046875
3 0.2859375 0.53671875 0.0375 0.0296875
7 0.29453125 0.490625 0.040625 0.02734375
1 0.3015625 0.44765625 0.0375 0.025
10 0.30859375 0.4046875 0.0375 0.0234375
6 0.315625 0.3640625 0.0375 0.0234375
4 0.321875 0.32265625 0.03515625 0.02421875
5 0.328125 0.28359375 0.03671875 0.02109375
4 0.33359375 0.2453125 0.03515625 0.01953125