9 0.5 0.5 1 1
11 0.23963855781249999 0.100461309375 0.23817295 0.16806572343749998 0.23817295 0.2538080359375 0.23377579375000002 0.554477678125 0.22424900781249998 0.9722953875 0.29093749999999996 0.9722953875 0.29313591250000004 0.7716584828124999 0.3004642859375 0.5440786203125 0.30412863749999997 0.31977455312499997 0.3055942453125 0.10156051562499999 0.23963855781249999 0.100461309375
2 0.2578125 0.8140625 0.06171875 0.04609375
0 0.2609375 0.73671875 0.0640625 0.04609375
3 0.2640625 0.66171875 0.065625 0.046875
7 0.26484375 0.58359375 0.0640625 0.05
1 0.26796875 0.509375 0.0625 0.04921875
10 0.26875 0.43515625 0.0640625 0.046875
6 0.2703125 0.35859375 0.06015625 0.046875
8 0.2703125 0.28125 0.06328125 0.05
5 0.27109375 0.20546875 0.06640625 0.04765625
4 0.27265625 0.12734375 0.06484375 0.0453125