9 0.5 0.5 1 1
11 0.5763120046875 0 0.51065699375 0.8743002640625 0.5431721234375 0.8837490078125001 0.6085228171875 0 0.5763120046875 0
2 0.5734375 0.2515625 0.0265625 0.04140625
0 0.56796875 0.31953125 0.02734375 0.03984375
3 0.5625 0.384375 0.0296875 0.03984375
7 0.55859375 0.45078125 0.028125 0.03671875
1 0.553125 0.5171875 0.02890625 0.03828125
10 0.54921875 0.5828125 0.02890625 0.0375
6 0.54375 0.65078125 0.0296875 0.03671875
8 0.5390625 0.7171875 0.028125 0.03671875
5 0.53359375 0.7828125 0.02890625 0.0375
4 0.52890625 0.85390625 0.0296875 0.0390625