9 0.5 0.5 1 1
11 0.751229496875 0.187944940625 0.4937549609375 0.19611656718749998 0.0705562171875 0.2064384921875 0.001146825 0.2103092765625 0.0017202374999999998 0.2511666671875 0.07167989375 0.24815625 0.221921296875 0.24385540625000002 0.92956944375 0.2275124015625 0.9278488749999999 0.182783978125 0.751229496875 0.187944940625
2 0.103125 0.22578125 0.053125 0.03984375
0 0.18515625 0.2234375 0.04921875 0.03984375
3 0.26875 0.221875 0.05234375 0.04140625
7 0.35625 0.21953125 0.05625 0.0421875
1 0.4421875 0.21796875 0.05546875 0.0421875
10 0.53046875 0.2171875 0.05546875 0.0421875
6 0.61796875 0.21328125 0.05703125 0.04140625
8 0.7078125 0.2109375 0.059375 0.04296875
5 0.8 0.2078125 0.0578125 0.04140625
4 0.8953125 0.20546875 0.05859375 0.04296875