9 0.5 0.5 1 1
11 0.9457953046875 0.274132440625 0.9445046296875 0.2710672125 0.915465278125 0.238271825 0.9087969578124999 0.236819940625 0.739292659375 0.3170009921875 0.48573313437500004 0.4350334828125 0.2304484125 0.5532368546875001 0.000645171875 0.6598407734375 0.000645171875 0.7180811015625 0.43862896874999996 0.5145079359375 0.6056898140625 0.43717261875 0.8606130953125 0.31801413749999996 0.9455803578124999 0.2773588796875 0.9457953046875 0.274132440625
2 0.13046875 0.62890625 0.0484375 0.03515625
0 0.21796875 0.58671875 0.04453125 0.0390625
3 0.30390625 0.54765625 0.0390625 0.03984375
7 0.38984375 0.5078125 0.04609375 0.0375
1 0.475 0.46875 0.04140625 0.03828125
10 0.559375 0.4296875 0.04140625 0.0375
6 0.64296875 0.38984375 0.04140625 0.0375
8 0.728125 0.35078125 0.04140625 0.0375
5 0.81484375 0.309375 0.04453125 0.0390625
4 0.90234375 0.26953125 0.04375 0.0390625