9 0.5 0.5 1 1
11 0.7829057546875 0.40106696406250003 0.7800036375 0.36732713281249996 0.0014510578125 0.4146716265625 0.0014510578125 0.45004389843750003 0.7829057546875 0.40106696406250003
2 0.0921875 0.4265625 0.0421875 0.03125
0 0.16875 0.4234375 0.040625 0.03046875
7 0.3171875 0.4140625 0.0421875 0.03125
1 0.38984375 0.409375 0.0421875 0.0296875
10 0.46171875 0.40546875 0.04140625 0.03046875
6 0.5359375 0.40078125 0.0390625 0.0296875
8 0.6078125 0.3953125 0.0390625 0.03046875
5 0.68203125 0.39140625 0.03984375 0.03046875
4 0.75625 0.38671875 0.0421875 0.02890625
3 0.24140625 0.41953125 0.04140625 0.03046875