9 0.5 0.5 1 1
11 0.25730257968750003 0.0071721234375 0.1913994703125 0.0071721234375 0.1913994703125 0.1507217265625 0.19630720937499999 0.556678075 0.19490509218750002 0.8275188484375 0.198410384375 0.983814484375 0.26361243437500004 0.982762896875 0.2587046953125 0.8139737109375 0.261509259375 0.61988194375 0.2622103171875 0.40370560468749994 0.2594057546875 0.23121478125 0.25730257968750003 0.0071721234375
2 0.22578125 0.74453125 0.05859375 0.0484375
0 0.2265625 0.6671875 0.05625 0.046875
3 0.22578125 0.59375 0.05625 0.0484375
7 0.22578125 0.5140625 0.05625 0.04609375
1 0.22578125 0.43828125 0.059375 0.0484375
10 0.2265625 0.35859375 0.059375 0.04609375
6 0.22421875 0.278125 0.0578125 0.0484375
8 0.22109375 0.19765625 0.059375 0.04921875
5 0.2203125 0.1171875 0.0546875 0.04765625
4 0.22265625 0.0328125 0.0578125 0.04609375