9 0.5 0.5 1 1
11 0.46860978906249995 0.941387896875 0.5383177906250001 0.9402983624999999 0.5179864421875 0.040385912499999996 0.4539735453125 0.0407859625 0.46860978906249995 0.941387896875
4 0.4875 0.06640625 0.06640625 0.04921875
5 0.48984375 0.146875 0.06640625 0.04921875
8 0.490625 0.22890625 0.06640625 0.04921875
6 0.4921875 0.30625 0.06640625 0.04921875
10 0.49296875 0.38359375 0.06640625 0.04921875
1 0.49609375 0.46328125 0.06640625 0.04921875
7 0.496875 0.53984375 0.06640625 0.04921875
3 0.49921875 0.62109375 0.06640625 0.04921875
0 0.49921875 0.7015625 0.06640625 0.04921875
2 0.5015625 0.78046875 0.06640625 0.04921875