9 0.5 0.5 1 1
11 0.8756431875 0.75982266875 0.8748369703125001 0.7295751484374999 0.047600859375 0.7462953875 0.048291996875 0.7797859625 0.8756431875 0.75982266875
2 0.2828125 0.7578125 0.04453125 0.03046875
0 0.35 0.75703125 0.04375 0.03046875
3 0.415625 0.7546875 0.04296875 0.0296875
7 0.48203125 0.75234375 0.0421875 0.03046875
1 0.5453125 0.75078125 0.04296875 0.0296875
10 0.6078125 0.74921875 0.0421875 0.0296875
6 0.6703125 0.74765625 0.04140625 0.03046875
8 0.73359375 0.74765625 0.0390625 0.0296875
5 0.79296875 0.7453125 0.0390625 0.0296875
4 0.8578125 0.74453125 0.034375 0.02890625