9 0.5 0.5 1 1
11 0.1950489421875 0.7857001484375 0.5350443125 0.5028764875 0.7803171296875 0.30178546562499997 0.7490724203125 0.2835022328125 0.160986771875 0.7612048609375 0.1950489421875 0.7857001484375
2 0.4125 0.58125 0.0328125 0.021875
0 0.45546875 0.54609375 0.0328125 0.0203125
3 0.49765625 0.5109375 0.03125 0.0203125
7 0.53828125 0.478125 0.03125 0.01875
1 0.57734375 0.446875 0.03125 0.0171875
10 0.6125 0.415625 0.028125 0.01875
6 0.64921875 0.38671875 0.02890625 0.0171875
8 0.68359375 0.3578125 0.028125 0.0171875
5 0.71875 0.33046875 0.02734375 0.015625
4 0.753125 0.303125 0.02734375 0.01484375