9 0.5 0.5 1 1
11 0.927579365625 0.375744046875 0.916005290625 0.3298611109375 0.0016534390625 0.41790674531249994 0.003306878125 0.4675099203125 0.927579365625 0.375744046875
2 0.028125 0.43828125 0.05078125 0.0421875
0 0.12265625 0.42890625 0.06015625 0.0421875
3 0.2203125 0.41953125 0.06171875 0.040625
7 0.3203125 0.41015625 0.05859375 0.040625
1 0.41640625 0.40234375 0.06015625 0.03984375
10 0.51015625 0.39296875 0.05625 0.0421875
6 0.60625 0.38359375 0.05234375 0.040625
8 0.69765625 0.375 0.053125 0.040625
5 0.79296875 0.36640625 0.053125 0.040625
4 0.8890625 0.35625 0.05390625 0.03828125