9 0.5 0.5 1 1
11 0.1610777109375 0.6467452875 0.18580125625 0.6855161203125 0.5873713625 0.5253752484375 0.7357126328125 0.46862351249999995 0.7132364421874999 0.4438998015625 0.4749917328125 0.5321178078125001 0.1610777109375 0.6467452875
2 0.278125 0.62578125 0.040625 0.025
0 0.34453125 0.6 0.03828125 0.0265625
3 0.4078125 0.57734375 0.03203125 0.0265625
7 0.46015625 0.55625 0.0296875 0.0265625
1 0.51171875 0.5375 0.02578125 0.02734375
10 0.55625 0.51953125 0.02421875 0.0265625
6 0.60234375 0.503125 0.02421875 0.02578125
8 0.64140625 0.4875 0.021875 0.0234375
5 0.678125 0.4734375 0.021875 0.02109375
4 0.7125 0.46015625 0.021875 0.0203125