9 0.5 0.5 1 1
11 0.0557781078125 0.668358134375 0.8485175265624999 0.645153521875 0.8428525125 0.611490575 0.33868716875 0.6261976687499999 0.0544709 0.636329365625 0.0557781078125 0.668358134375
2 0.24453125 0.6453125 0.040625 0.0296875
0 0.3078125 0.64375 0.0421875 0.03125
3 0.3703125 0.64140625 0.04140625 0.03046875
7 0.43359375 0.6390625 0.040625 0.03125
1 0.49765625 0.6375 0.040625 0.03125
10 0.5609375 0.6359375 0.04140625 0.03125
6 0.625 0.634375 0.040625 0.03125
8 0.68984375 0.6328125 0.04140625 0.03203125
5 0.7546875 0.63125 0.04140625 0.03203125
4 0.82109375 0.62890625 0.04375 0.03203125