9 0.5 0.5 1 1
11 0 0.29305555625 0.24388161406250003 0.28907936562500003 0.945338625 0.2735716765625 0.9379160046875 0.233808284375 0 0.2485208328125 0 0.29305555625
2 0.096875 0.26796875 0.06484375 0.04296875
0 0.1953125 0.2671875 0.06484375 0.04296875
3 0.290625 0.265625 0.06484375 0.04296875
7 0.384375 0.26484375 0.06015625 0.04296875
8 0.73828125 0.2578125 0.059375 0.03984375
6 0.65234375 0.26015625 0.05859375 0.04140625
10 0.565625 0.26328125 0.05859375 0.0421875
1 0.47421875 0.26328125 0.05859375 0.0421875
5 0.825 0.25625 0.0546875 0.03984375
4 0.91015625 0.25390625 0.05 0.03984375