9 0.5 0.5 1 1
11 0.866155009375 0.8739080687499999 0.5976748515625 0.581803240625 0.2552599203125 0.21213194375 0.23618774843749998 0.24748545000000002 0.8398945937500001 0.9131081343749999 0.866155009375 0.8739080687499999
4 0.25859375 0.24296875 0.025 0.0296875
5 0.2953125 0.284375 0.02421875 0.03359375
8 0.3328125 0.325 0.021875 0.03515625
6 0.3703125 0.365625 0.021875 0.0359375
10 0.41015625 0.409375 0.01953125 0.03984375
1 0.4484375 0.4515625 0.021875 0.0375
7 0.48984375 0.49609375 0.0265625 0.03515625
3 0.53203125 0.5421875 0.0234375 0.040625
0 0.575 0.58828125 0.02265625 0.0390625
2 0.61875 0.6375 0.02421875 0.03984375