9 0.5 0.5 1 1
11 0.35068419375 0.0526505453125 0.347785053125 0.236865328125 0.342711309375 0.5046892359374999 0.3340138890625 0.8092857140625 0.33403935156250003 0.8758115078125 0.40069510625 0.8746537703125 0.402869709375 0.6898958328125 0.40576884843750005 0.42733978125 0.40866798906249996 0.21529166718749998 0.4093928578125 0.050476934375000004 0.35068419375 0.0526505453125
2 0.36953125 0.67421875 0.06328125 0.046875
0 0.37109375 0.5984375 0.05625 0.0453125
3 0.37265625 0.52734375 0.05703125 0.04609375
7 0.3734375 0.4578125 0.0546875 0.04296875
1 0.375 0.390625 0.05546875 0.0421875
10 0.378125 0.3234375 0.05546875 0.03984375
6 0.3765625 0.259375 0.0546875 0.03828125
8 0.378125 0.19765625 0.05546875 0.03828125
5 0.3796875 0.134375 0.05234375 0.03828125
4 0.38125 0.07421875 0.053125 0.03125