9 0.5 0.5 1 1
11 0.7705393515625001 0.30682936562499996 0.86524669375 0.2107958828125 0.8190297624999999 0.1920438984375 0.7296259921875 0.28409945468750003 0.678105159375 0.3363779765625 0.6280995375 0.3869516375 0.5296038359375 0.48582614062499996 0.2477546296875 0.775653521875 0.2932142859375 0.7978152281249999 0.38034490781249997 0.7080324906250001 0.485617725 0.59827728125 0.58112466875 0.499475446875 0.676589615625 0.401726190625 0.7705393515625001 0.30682936562499996
2 0.38203125 0.67109375 0.0421875 0.03046875
0 0.434375 0.61875 0.04375 0.02734375
3 0.4828125 0.56640625 0.03984375 0.02578125
7 0.534375 0.51484375 0.04296875 0.0234375
1 0.58203125 0.46484375 0.0421875 0.0265625
10 0.63125 0.415625 0.0421875 0.0265625
6 0.68125 0.365625 0.046875 0.02421875
8 0.72734375 0.315625 0.0421875 0.02578125
5 0.775 0.26640625 0.04140625 0.025
4 0.82421875 0.21796875 0.04296875 0.0234375