9 0.5 0.5 1 1
11 0.51934556875 0.0484094734375 0.5014715609375 0.59741641875 0.4915413359375 0.8342497515625 0.5411917984375 0.8327604171875 0.574954365625 0.0513883921875 0.51934556875 0.0484094734375
2 0.54140625 0.2328125 0.053125 0.04453125
0 0.5375 0.30078125 0.053125 0.04296875
3 0.53515625 0.36484375 0.053125 0.04296875
7 0.53359375 0.43125 0.053125 0.0421875
1 0.5328125 0.4953125 0.053125 0.0421875
10 0.52734375 0.5578125 0.053125 0.03984375
6 0.5265625 0.621875 0.053125 0.03984375
8 0.52265625 0.68359375 0.053125 0.03984375
5 0.51953125 0.74609375 0.053125 0.03984375
4 0.51640625 0.81171875 0.053125 0.03984375