9 0.5 0.5 1 1
11 0.9986617062500001 0.659617559375 0.9986617062500001 0.623334078125 0.532159721875 0.616821428125 0.0998574734375 0.6121698906249999 0.098741071875 0.6489186515625 0.30527843906249996 0.6498489578125 0.5998518515625 0.65263988125 0.8014275796874999 0.6549657734375 0.9986617062500001 0.659617559375
4 0.12578125 0.6296875 0.04375 0.03515625
5 0.2015625 0.63125 0.0453125 0.034375
8 0.2734375 0.63125 0.04453125 0.034375
6 0.34453125 0.63203125 0.04296875 0.034375
10 0.4171875 0.63203125 0.04375 0.03359375
1 0.48828125 0.63359375 0.04453125 0.034375
7 0.55859375 0.63359375 0.04453125 0.03359375
3 0.63046875 0.6359375 0.04375 0.03359375
0 0.7015625 0.6359375 0.04453125 0.034375
2 0.7734375 0.6375 0.04453125 0.03359375