9 0.5 0.5 1 1
11 0.44803075468750003 0.064037203125 0.39661739375 0.0661029265625 0.42418783125 0.5981572421875 0.43465310781250005 0.7765882937499999 0.483490409375 0.7750186015625 0.46186243437499996 0.3626178078125 0.44803075468750003 0.064037203125
2 0.42734375 0.2109375 0.05234375 0.0375
0 0.43203125 0.26875 0.05234375 0.0375
3 0.434375 0.32734375 0.05234375 0.0375
7 0.43828125 0.38671875 0.05234375 0.0375
1 0.440625 0.4453125 0.05234375 0.0375
10 0.44375 0.50546875 0.05234375 0.0375
6 0.4453125 0.565625 0.05234375 0.0375
8 0.45078125 0.62734375 0.05234375 0.0375
5 0.453125 0.690625 0.05234375 0.0375
4 0.4546875 0.75546875 0.05234375 0.0375