9 0.5 0.5 1 1
11 0.84849966875 0.5578752484375 0.9361441796875001 0.5601875 0.9424960312499999 0.5264414687500001 0.3487473546875 0.5169806546875 0.0447602515625 0.515149553125 0.0020343921875000002 0.5154548609375 0.0007976187500000001 0.5474990078124999 0.3516038359375 0.547804315625 0.5913316796875 0.552076884375 0.7589791671875 0.5548234125 0.84849966875 0.5578752484375
2 0.1484375 0.5328125 0.04140625 0.02890625
0 0.23203125 0.53359375 0.03984375 0.028125
3 0.31484375 0.53515625 0.04296875 0.02734375
7 0.39765625 0.5359375 0.04921875 0.028125
1 0.48046875 0.5375 0.05234375 0.0296875
10 0.5640625 0.5375 0.05 0.028125
6 0.64765625 0.540625 0.05234375 0.0265625
8 0.73203125 0.5421875 0.046875 0.028125
5 0.81875 0.54296875 0.0453125 0.03125
4 0.9109375 0.5453125 0.04375 0.0296875