9 0.5 0.5 1 1
11 0.7299718921875 0.059168403125000005 0.6407496687500001 0.1748888890625 0.48395304218749996 0.3701927078125 0.312998346875 0.5804295640625 0.103913690625 0.8466036703125001 0.1589900796875 0.869413690625 0.2582748015625 0.74463665625 0.4125687828125 0.5437961312499999 0.656836640625 0.239853421875 0.7983981484375 0.062187251562500004 0.7299718921875 0.059168403125000005
2 0.2453125 0.709375 0.046875 0.0390625
0 0.30546875 0.63203125 0.04296875 0.03984375
3 0.36328125 0.5578125 0.04140625 0.0421875
7 0.421875 0.48203125 0.04140625 0.0375
1 0.47890625 0.41328125 0.04140625 0.03359375
10 0.53359375 0.34609375 0.0375 0.0390625
6 0.58984375 0.27421875 0.04140625 0.034375
8 0.63828125 0.2125 0.03828125 0.034375
5 0.6921875 0.146875 0.0375 0.034375
4 0.746875 0.07890625 0.03828125 0.03359375