9 0.5 0.5 1 1
11 0.6536845234374999 0.011017112499999999 0.5940082671875 0.0151485609375 0.629447090625 0.781976190625 0.680189484375 0.7810701890625 0.6536845234374999 0.011017112499999999
2 0.646875 0.61953125 0.04453125 0.03359375
0 0.64375 0.56171875 0.04609375 0.03515625
3 0.64140625 0.50234375 0.04609375 0.0359375
7 0.63828125 0.44140625 0.046875 0.0375
1 0.6359375 0.37734375 0.04609375 0.03671875
10 0.634375 0.31328125 0.04609375 0.03828125
6 0.63203125 0.24765625 0.04765625 0.0375
8 0.6296875 0.178125 0.0484375 0.03984375
5 0.62734375 0.10703125 0.04921875 0.040625
4 0.625 0.03515625 0.04453125 0.040625