9 0.5 0.5 1 1
11 0.9169715609375 0.57164136875 0.9015932546875 0.5410049609375001 0.8208568125 0.54605084375 0.59258465625 0.5525386906249999 0.44024305625000004 0.55830555625 0.2955906078125 0.5644327875 0.16389451093750002 0.5705602671875 0.0148978171875 0.5817333828125 0.0120142203125 0.6069635421874999 0.1475357140625 0.5979528765625 0.21271659999999998 0.594196925 0.44020469531249995 0.5842564484375 0.674262896875 0.5777688484375 0.9169715609375 0.57164136875
2 0.184375 0.58125 0.034375 0.02265625
0 0.25859375 0.57734375 0.03671875 0.02265625
3 0.3296875 0.5734375 0.0359375 0.02421875
7 0.40625 0.5703125 0.04140625 0.02265625
1 0.48125 0.56796875 0.04375 0.02421875
10 0.55703125 0.56640625 0.04609375 0.025
6 0.6359375 0.56328125 0.046875 0.02421875
8 0.715625 0.559375 0.04375 0.025
5 0.7984375 0.5578125 0.04296875 0.02421875
4 0.884375 0.55546875 0.03828125 0.02578125