9 0.5 0.5 1 1
11 0.740597965625 0.0022936515625 0.7100622515625 0.0074546953125 0.696299603125 0.3262529765625 0.685117559375 0.68813955 0.6803866562499999 0.8699199734375 0.71135243125 0.8802420640624999 0.740597965625 0.0022936515625
2 0.7140625 0.29375 0.0296875 0.03984375
0 0.7109375 0.35546875 0.0296875 0.0390625
3 0.70859375 0.4171875 0.02890625 0.0421875
7 0.7078125 0.47734375 0.0296875 0.040625
1 0.70390625 0.5390625 0.0296875 0.03828125
10 0.703125 0.6 0.02890625 0.03828125
6 0.7015625 0.6625 0.03046875 0.0375
8 0.7 0.7234375 0.03046875 0.03671875
5 0.6984375 0.78671875 0.0296875 0.03828125
4 0.6953125 0.85 0.03046875 0.03671875