9 0.5 0.5 1 1
11 0.47427215624999997 0.595792659375 0.47835912656249996 0.593211309375 0.49750396874999997 0.59046875 0.5003002640624999 0.59014608125 0.5496200390625 0.5789724703125 0.6102800921875 0.5646140875000001 0.6143670640625001 0.562678075 0.627273478125 0.5597740578125 0.629854828125 0.5610647328125 0.668001984375 0.5518688 0.669292659375 0.55025545625 0.6849953703125 0.5473516859374999 0.692524140625 0.5467063484375 0.728447090625 0.5384784218750001 0.73925396875 0.535877728125 0.7508697093750001 0.5336192953125 0.7766825390625 0.52861805625 0.782490409375 0.5258752484375 0.796472553125 0.523939484375 0.8022804234375001 0.523616815625 0.830072090625 0.5158727671875 0.8326534390625 0.5139370046875 0.8462050265625001 0.5123236609374999 0.8464203046875 0.5136143359374999 0.87244808125 0.5069997515625 0.875244709375 0.5047410718750001 0.87632010625 0.5005463796875 0.87244808125 0.47599206406250005 0.8696517859374999 0.4727653765625 0.77975 0.4891803078125 0.37356283125 0.569683284375 0.034365409375 0.6382063484375 0.0417308203125 0.653226190625 0.044957340624999995 0.6709724703125 0.044957340624999995 0.6856535218750001 0.0434517203125 0.6924295640625 0.31023148125 0.6324146828125 0.47427215624999997 0.595792659375
2 0.2734375 0.61640625 0.05390625 0.0328125
0 0.36328125 0.596875 0.04296875 0.0359375
3 0.446875 0.58046875 0.04296875 0.0328125
7 0.51796875 0.56328125 0.0375 0.034375
1 0.58671875 0.55078125 0.034375 0.0328125
10 0.646875 0.5375 0.03125 0.03203125
6 0.70625 0.525 0.03125 0.0296875
8 0.759375 0.51328125 0.02734375 0.0296875
5 0.81328125 0.5015625 0.0296875 0.0265625
4 0.85859375 0.4921875 0.02421875 0.028125