9 0.5 0.5 1 1
11 0.9433687171875 0.33942286718750003 0.000318453125 0.613737103125 0 0.6715287703125 0.9707519843749999 0.3831247515625 0.971707340625 0.37882614062500003 0.9697969578125001 0.374527778125 0.95005555625 0.33942286718750003 0.9433687171875 0.33942286718750003
2 0.08671875 0.6171875 0.053125 0.040625
0 0.19609375 0.584375 0.04921875 0.0421875
3 0.29453125 0.55625 0.04765625 0.040625
7 0.39375 0.5265625 0.046875 0.04140625
1 0.484375 0.49921875 0.04375 0.03828125
10 0.5765625 0.471875 0.05 0.034375
6 0.6671875 0.4453125 0.0484375 0.0375
8 0.75546875 0.41875 0.0453125 0.0359375
5 0.84609375 0.39453125 0.04375 0.03671875
4 0.9296875 0.36875 0.04140625 0.0375