9 0.5 0.5 1 1
11 0.8923088625 0.5597532234375 0.8664107140624999 0.53326636875 0.1802248671875 0.8953373015625001 0.21825396874999997 0.9412202375 0.8923088625 0.5597532234375
2 0.36953125 0.825 0.05078125 0.03203125
0 0.44375 0.7828125 0.046875 0.03046875
3 0.5109375 0.7453125 0.04609375 0.0265625
7 0.5734375 0.709375 0.040625 0.02421875
1 0.63046875 0.678125 0.0375 0.0234375
10 0.68125 0.64765625 0.0359375 0.01875
6 0.7328125 0.62265625 0.0265625 0.028125
8 0.778125 0.59765625 0.0265625 0.025
5 0.81953125 0.5734375 0.025 0.02109375
4 0.86171875 0.55078125 0.025 0.02109375