9 0.5 0.5 1 1
11 0.54733101875 0.5003204359375 0.4558561515625 0.526398809375 0.361171296875 0.5520758921875 0.263277115625 0.5793578875 0.1021739421875 0.6226723703125 0.11715211562500001 0.6463435015625 0.2738902109375 0.6034144343750001 0.47457903437500004 0.5468603671875 0.6923002640625 0.48507440468749996 0.68213624375 0.46260689531250004 0.54733101875 0.5003204359375
2 0.246875 0.59765625 0.0265625 0.0203125
0 0.2984375 0.5828125 0.028125 0.01953125
3 0.34609375 0.5703125 0.02578125 0.0203125
7 0.396875 0.55546875 0.02421875 0.02109375
1 0.44375 0.54296875 0.02578125 0.01953125
10 0.48984375 0.5296875 0.025 0.01953125
6 0.53671875 0.51640625 0.02265625 0.02109375
8 0.58203125 0.50390625 0.021875 0.0203125
5 0.62578125 0.490625 0.0203125 0.0203125
4 0.671875 0.478125 0.0203125 0.01953125