9 0.5 0.5 1 1
11 0.65862466875 0.5602576890625001 0.5063974875 0.57908978125 0.27151851875 0.60773040625 0.0020925921875 0.6410791171875 0.0041848546875000005 0.6885520828125 0.19250694375 0.6630500984375 0.52362896875 0.616754215625 0.8527007281250001 0.5724201390625 0.8401458328125001 0.53789459375 0.65862466875 0.5602576890625001
2 0.1234375 0.65 0.05078125 0.0390625
0 0.22109375 0.63671875 0.04765625 0.0375
3 0.31015625 0.62578125 0.04609375 0.0390625
7 0.39765625 0.6125 0.04453125 0.03515625
1 0.47578125 0.60234375 0.040625 0.034375
10 0.5515625 0.59296875 0.0359375 0.03515625
6 0.625 0.58359375 0.034375 0.03359375
8 0.69375 0.575 0.034375 0.03359375
5 0.76015625 0.56640625 0.03125 0.03203125
4 0.82578125 0.5578125 0.03046875 0.03203125