9 0.5 0.5 0.99921875 1
11 0.9996693125 0.58127256875 0.9984404765624999 0.547415921875 0.0610482796875 0.5461051593749999 0.061499339062500005 0.5834806546875 0.9996693125 0.58127256875
4 0.08359375 0.5640625 0.0453125 0.0328125
5 0.15859375 0.5640625 0.0484375 0.03515625
8 0.23125 0.5640625 0.046875 0.03359375
6 0.30234375 0.5640625 0.046875 0.03359375
10 0.37578125 0.56328125 0.04453125 0.03359375
1 0.44765625 0.56328125 0.0453125 0.03359375
7 0.51875 0.56328125 0.0453125 0.0328125
3 0.590625 0.56328125 0.04453125 0.0328125
0 0.6625 0.5640625 0.0453125 0.0328125
2 0.73359375 0.5640625 0.046875 0.034375