9 0.5 0.5 1 1
11 0.14423148125000002 0.8623697921875 0.7949500656249999 0.4915205859375 0.7654328703125 0.4668670640625 0.4313525125 0.6545357140625 0.11538525156249999 0.8362068453125 0.14423148125000002 0.8623697921875
2 0.2453125 0.7828125 0.03203125 0.02734375
0 0.30234375 0.75078125 0.03125 0.028125
3 0.36015625 0.715625 0.03125 0.028125
7 0.41953125 0.6828125 0.03671875 0.02421875
1 0.4765625 0.65078125 0.0328125 0.02734375
10 0.53359375 0.61796875 0.0328125 0.02421875
6 0.590625 0.58515625 0.03203125 0.02578125
8 0.64609375 0.55390625 0.03359375 0.02421875
5 0.70234375 0.52265625 0.03203125 0.025
4 0.76171875 0.48984375 0.0390625 0.021875